;MDL File generated by SOEdit Version Next (v0.7m4)
;Model created by: MOCKVu4
;Date: Thu Dec 14 06:05:27 2023
;File: D:\!Neu\model\!cannon\Iron Dome\Iron_Dome.max
;Model create/rebuild by: MoCKBu4
;Last build date: Wednesday 19 December 2023 [01:45:25]
{Skeleton
    {Bone "basis"
        {Orientation
            1	0	0
            0	-1	0
            0	0	1
        }
        {Bone "body"
            {Matrix34
                -0	-1	0
                -0	0	-1
                1	-0	-0
                0.514668	0.419061	30.8615
            }
            {VolumeView "body.ply"}
            {Bone "turret"
                {Position 5.06101	13.0106	-53.6091}
                {VolumeView "turret.ply"}
                {Bone "conteiner"
                    {Position 0.182001	-31.0254	49.108}
                    {VolumeView "conteiner.ply"}
                    {Bone "missle00"
                        {Position -1.04904e-05	-1.14441e-05	-9.9659e-05}
                        {VolumeView "missle00.ply"}
                    }
                    {Bone "missle01"
                        {Position -1.04904e-05	-1.14441e-05	-9.9659e-05}
                        {VolumeView "missle01.ply"}
                    }
                    {Bone "missle02"
                        {Position -1.04904e-05	-1.14441e-05	-9.9659e-05}
                        {VolumeView "missle02.ply"}
                    }
                    {Bone "missle03"
                        {Position -1.04904e-05	-1.14441e-05	-9.9659e-05}
                        {VolumeView "missle03.ply"}
                    }
                    {Bone "missle04"
                        {Position -1.04904e-05	-1.14441e-05	-9.9659e-05}
                        {VolumeView "missle04.ply"}
                    }
                    {Bone "missle05"
                        {Position -1.04904e-05	-1.14441e-05	-9.9659e-05}
                        {VolumeView "missle05.ply"}
                    }
                    {Bone "missle06"
                        {Position -1.04904e-05	-1.14441e-05	-9.9659e-05}
                        {VolumeView "missle06.ply"}
                    }
                    {Bone "missle07"
                        {Position -1.04904e-05	-1.14441e-05	-9.9659e-05}
                        {VolumeView "missle07.ply"}
                    }
                    {Bone "missle08"
                        {Position -1.04904e-05	-1.14441e-05	-9.9659e-05}
                        {VolumeView "missle08.ply"}
                    }
                    {Bone "missle09"
                        {Position -1.04904e-05	-1.14441e-05	-9.9659e-05}
                        {VolumeView "missle09.ply"}
                    }
                    {Bone "misslee09"
                        {Position -1.04904e-05	-1.14441e-05	-9.9659e-05}
                        {VolumeView "missle10.ply"}
                    }
                    {Bone "misslee08"
                        {Position -1.04904e-05	-1.14441e-05	-9.9659e-05}
                        {VolumeView "missle11.ply"}
                    }
                    {Bone "misslee07"
                        {Position -1.04904e-05	-1.14441e-05	-9.9659e-05}
                        {VolumeView "missle12.ply"}
                    }
                    {Bone "misslee06"
                        {Position -1.04904e-05	-1.14441e-05	-9.9659e-05}
                        {VolumeView "missle13.ply"}
                    }
                    {Bone "misslee05"
                        {Position -1.04904e-05	-1.14441e-05	-9.9659e-05}
                        {VolumeView "missle14.ply"}
                    }
                    {Bone "misslee04"
                        {Position -1.04904e-05	-1.14441e-05	-9.9659e-05}
                        {VolumeView "missle15.ply"}
                    }
                    {Bone "misslee03"
                        {Position -1.04904e-05	-1.14441e-05	-9.9659e-05}
                        {VolumeView "missle16.ply"}
                    }
                    {Bone "misslee02"
                        {Position -1.04904e-05	-1.14441e-05	-9.9659e-05}
                        {VolumeView "missle17.ply"}
                    }
                    {Bone "misslee01"
                        {Position -1.04904e-05	-1.14441e-05	-9.9659e-05}
                        {VolumeView "missle18.ply"}
                    }
                    {Bone "misslee00"
                        {Position -1.04904e-05	-1.14441e-05	-9.9659e-05}
                        {VolumeView "missle19.ply"}
                    }
                    {Bone "shootere00"
                        {Matrix34
                            0	-0.939693	0.34202
                            0	0.34202	0.939693
                            -1	0	0
                            -20.8854	-50.498	-42.0326
                        }
                    }
                    {Bone "shootere01"
                        {Matrix34
                            0	-0.939693	0.34202
                            0	0.34202	0.939693
                            -1	0	0
                            -12.7995	-50.498	-42.0326
                        }
                    }
                    {Bone "shootere02"
                        {Matrix34
                            0	-0.939693	0.34202
                            0	0.34202	0.939693
                            -1	0	0
                            -5.26888	-50.498	-42.0326
                        }
                    }
                    {Bone "shootere03"
                        {Matrix34
                            0	-0.939693	0.34202
                            0	0.34202	0.939693
                            -1	0	0
                            2.36025	-50.498	-42.0326
                        }
                    }
                    {Bone "shootere04"
                        {Matrix34
                            0	-0.939693	0.34202
                            0	0.34202	0.939693
                            -1	0	0
                            9.94906	-50.498	-42.0326
                        }
                    }
                    {Bone "shootere05"
                        {Matrix34
                            0	-0.939693	0.34202
                            0	0.34202	0.939693
                            -1	0	0
                            -12.796	-47.5265	-34.7033
                        }
                    }
                    {Bone "shootere06"
                        {Matrix34
                            0	-0.939693	0.34202
                            0	0.34202	0.939693
                            -1	0	0
                            -5.30421	-47.5265	-34.7033
                        }
                    }
                    {Bone "shootere07"
                        {Matrix34
                            0	-0.939693	0.34202
                            0	0.34202	0.939693
                            -1	0	0
                            2.3557	-47.5265	-34.7033
                        }
                    }
                    {Bone "shootere08"
                        {Matrix34
                            0	-0.939693	0.34202
                            0	0.34202	0.939693
                            -1	0	0
                            -20.9092	-47.5265	-34.7033
                        }
                    }
                    {Bone "shootere09"
                        {Matrix34
                            0	-0.939693	0.34202
                            0	0.34202	0.939693
                            -1	0	0
                            9.94906	-47.5265	-34.7033
                        }
                    }
                    {Bone "shooter09"
                        {Matrix34
                            0	-0.939693	0.34202
                            0	0.34202	0.939693
                            -1	0	0
                            -5.34993	-44.8795	-26.575
                        }
                    }
                    {Bone "shooter08"
                        {Matrix34
                            0	-0.939693	0.34202
                            0	0.34202	0.939693
                            -1	0	0
                            -12.7812	-44.8795	-26.575
                        }
                    }
                    {Bone "shooter07"
                        {Matrix34
                            0	-0.939693	0.34202
                            0	0.34202	0.939693
                            -1	0	0
                            2.41643	-44.8795	-26.575
                        }
                    }
                    {Bone "shooter06"
                        {Matrix34
                            0	-0.939693	0.34202
                            0	0.34202	0.939693
                            -1	0	0
                            9.94906	-44.8795	-26.575
                        }
                    }
                    {Bone "shooter05"
                        {Matrix34
                            0	-0.939693	0.34202
                            0	0.34202	0.939693
                            -1	0	0
                            -20.9369	-44.8795	-26.575
                        }
                    }
                    {Bone "shooter04"
                        {Matrix34
                            0	-0.939693	0.34202
                            0	0.34202	0.939693
                            -1	0	0
                            10.4274	-42.2325	-18.2286
                        }
                    }
                    {Bone "shooter03"
                        {Matrix34
                            0	-0.939693	0.34202
                            0	0.34202	0.939693
                            -1	0	0
                            2.90628	-42.2325	-18.2286
                        }
                    }
                    {Bone "shooter02"
                        {Matrix34
                            0	-0.939693	0.34202
                            0	0.34202	0.939693
                            -1	0	0
                            -4.92723	-42.2325	-18.2286
                        }
                    }
                    {Bone "shooter01"
                        {Matrix34
                            0	-0.939693	0.34202
                            0	0.34202	0.939693
                            -1	0	0
                            -13.0642	-42.2325	-18.2286
                        }
                    }
                    {Bone "shooter00"
                        {Matrix34
                            0	-0.939693	0.34202
                            0	0.34202	0.939693
                            -1	0	0
                            -20.9369	-42.2325	-18.2286
                        }
                    }
                    {Bone "tail00"
                        {Matrix34
                            0	0.965926	-0.25882
                            0	-0.25882	-0.965926
                            -1	0	0
                            -20.9369	20.0179	-38.269
                        }
                    }
                    {Bone "tail01"
                        {Matrix34
                            0	0.965926	-0.25882
                            0	-0.25882	-0.965926
                            -1	0	0
                            -13.0642	20.0179	-38.269
                        }
                    }
                    {Bone "tail02"
                        {Matrix34
                            0	0.965926	-0.25882
                            0	-0.25882	-0.965926
                            -1	0	0
                            -4.92723	20.0179	-38.269
                        }
                    }
                    {Bone "tail03"
                        {Matrix34
                            0	0.965926	-0.25882
                            0	-0.25882	-0.965926
                            -1	0	0
                            2.90627	20.0179	-38.269
                        }
                    }
                    {Bone "tail04"
                        {Matrix34
                            0	0.965926	-0.25882
                            0	-0.25882	-0.965926
                            -1	0	0
                            10.4274	20.0179	-38.269
                        }
                    }
                    {Bone "tail05"
                        {Matrix34
                            0	0.965926	-0.25882
                            0	-0.25882	-0.965926
                            -1	0	0
                            -20.9369	17.3709	-46.6152
                        }
                    }
                    {Bone "tail06"
                        {Matrix34
                            0	0.965926	-0.25882
                            0	-0.25882	-0.965926
                            -1	0	0
                            9.94907	17.3709	-46.6152
                        }
                    }
                    {Bone "tail07"
                        {Matrix34
                            0	0.965926	-0.25882
                            0	-0.25882	-0.965926
                            -1	0	0
                            2.41644	17.3709	-46.6152
                        }
                    }
                    {Bone "tail08"
                        {Matrix34
                            0	0.965926	-0.25882
                            0	-0.25882	-0.965926
                            -1	0	0
                            -12.7812	17.3709	-46.6152
                        }
                    }
                    {Bone "tail09"
                        {Matrix34
                            0	0.965926	-0.25882
                            0	-0.25882	-0.965926
                            -1	0	0
                            -5.34993	17.3709	-46.6152
                        }
                    }
                    {Bone "tail10"
                        {Matrix34
                            0	0.965926	-0.25882
                            0	-0.25882	-0.965926
                            -1	0	0
                            9.94907	14.7239	-54.7437
                        }
                    }
                    {Bone "tail11"
                        {Matrix34
                            0	0.965926	-0.25882
                            0	-0.25882	-0.965926
                            -1	0	0
                            -20.9092	14.7239	-54.7437
                        }
                    }
                    {Bone "tail12"
                        {Matrix34
                            0	0.965926	-0.25882
                            0	-0.25882	-0.965926
                            -1	0	0
                            2.35569	14.7239	-54.7437
                        }
                    }
                    {Bone "tail13"
                        {Matrix34
                            0	0.965926	-0.25882
                            0	-0.25882	-0.965926
                            -1	0	0
                            -5.30421	14.7239	-54.7437
                        }
                    }
                    {Bone "tail14"
                        {Matrix34
                            0	0.965926	-0.25882
                            0	-0.25882	-0.965926
                            -1	0	0
                            -12.796	14.7239	-54.7437
                        }
                    }
                    {Bone "tail15"
                        {Matrix34
                            0	0.965926	-0.25882
                            0	-0.25882	-0.965926
                            -1	0	0
                            9.94907	11.7526	-62.0729
                        }
                    }
                    {Bone "tail16"
                        {Matrix34
                            0	0.965926	-0.25882
                            0	-0.25882	-0.965926
                            -1	0	0
                            2.36026	11.7526	-62.0729
                        }
                    }
                    {Bone "tail17"
                        {Matrix34
                            0	0.965926	-0.25882
                            0	-0.25882	-0.965926
                            -1	0	0
                            -5.26888	11.7526	-62.0729
                        }
                    }
                    {Bone "tail18"
                        {Matrix34
                            0	0.965926	-0.25882
                            0	-0.25882	-0.965926
                            -1	0	0
                            -12.7995	11.7526	-62.0729
                        }
                    }
                    {Bone "tail19"
                        {Matrix34
                            0	0.965926	-0.25882
                            0	-0.25882	-0.965926
                            -1	0	0
                            -20.8854	11.7526	-62.0729
                        }
                    }
                    {Bone "fxfire1"
                        {Matrix34
                            0	-0.939693	0.34202
                            0	0.34202	0.939693
                            -1	0	0
                            -19.7106	-38.9005	-35.8926
                        }
                    }
                    {Bone "fxfire2"
                        {Matrix34
                            0	-0.939693	0.34202
                            0	0.34202	0.939693
                            -1	0	0
                            8.89785	-38.9005	-35.8926
                        }
                    }
                }
                {Bone revolute "gun_rot"
                    {Limits -180 180}
                    {Matrix34
                        0	0	1
                        -1	0	0
                        -0	-1	0
                        -5.5	-93.19	25.54
                    }
                    {Bone revolute "gun"
                        {Limits 70 -5}
                        {Matrix34
                            1	-0	0
                            -0	0	1
                            -0	-1	0
                            0.8	-14.4	0
                        }
                        {Bone "foresight1"
                            {Position -5.8	-13.8	0}
                        }
                    }
                    {Bone revolute "gun2"
                        {Limits 70 -5}
                        {Matrix34
                            1	0	0
                            -0	0	1
                            0	-1	0
                            0.8	8.8	-2.98023e-08
                        }
                        {Bone "foresight2"
                            {Position -5.8	-13.8	0}
                        }
                    }
                }
            }
            {Bone "visor1"
                {Matrix34
                    0	-0	1
                    -1	-0	0
                    0	-1	-0
                    -0.214668	-31.4605	46.8402
                }
            }
            {Bone "part"
                {Parameters "ID=body;"}
                {Position -18.5084	5.14313	-18.9523}
                {VolumeView "part.ply"}
            }
            {Bone "part2"
                {Parameters "ID=body;"}
                {Position 8.27569	-5.5259	-28.0666}
                {VolumeView "part2.ply"}
            }
            {Bone "part3"
                {Parameters "ID=body;"}
                {Position -8.74211	-5.55993	-28.4437}
                {VolumeView "part3.ply"}
            }
            {Bone "part1"
                {Parameters "ID=body;"}
                {Position 17.167	5.08087	-18.9003}
                {VolumeView "part1.ply"}
            }
        }
    }
}
{Volume "body"
    {Polyhedron "body.vol"}
    {Bone "body"}
    {Matrix34
        0	0	1
        0	-1	0
        1	0	0
        -0.214668	23.7568	0.367097
    }
}
{Volume "part1"
    {Polyhedron "part1.vol"}
    {Bone "part1"}
    {Matrix34
        0	0	-1
        0	-1	0
        -1	0	0
        0.392523	-10.3462	2.90011
    }
}
{Volume "part2"
    {Polyhedron "part2.vol"}
    {Bone "part2"}
    {Matrix34
        0	0	-1
        0	-1	0
        -1	0	0
        1.34805	-0.140572	1.46649
    }
}
{Volume "part3"
    {Polyhedron "part3.vol"}
    {Bone "part3"}
    {Matrix34
        0	0	-1
        0	-1	0
        -1	0	0
        1.41238	-0.106537	1.84364
    }
}
{Volume "part"
    {Polyhedron "part.vol"}
    {Bone "part"}
    {Matrix34
        0	0	-1
        0	-1	0
        -1	0	0
        0.122108	-10.4084	2.95208
    }
}
{Volume "turret"
    {Polyhedron "turret.vol"}
    {Bone "turret"}
    {Matrix34
        0	0	1
        0	-1	0
        1	0	0
        -26.6199	-39.5927	18.7899
    }
}
