;Exported by: HOME Office
;Date:        Fri May 08 21:12:28 2020
;File:        C:\Users\HOME Office\Google Диск\MOW\3ds max model\Constraction\City\Gate\Gate_grid4_x.max
{Skeleton
	{bone "basis"
		{Orientation
			1	0	0
			0	-1	0
			0	0	1
		}
		{bone "piece3"
			{Matrix34
				0.443055	0.896494	0
				-0.896494	0.443055	0
				0	0	1
				-26.1601	5.76134	2.62183
			}
			{VolumeView "piece3.ply"}
		}
		{bone "piece1"
			{Matrix34
				0	0	-1
				-0.998	0.0632098	0
				0.0632098	0.998	0
				0	62.4016	1.9685
			}
			{VolumeView "piece1.ply"}
		}
		{bone "piece2"
			{Matrix34
				0	0	1
				-0.998024	-0.0628269	0
				0.0628269	-0.998024	0
				3.42802	-62.4016	1.9685
			}
			{VolumeView "piece2.ply"}
		}
	}
}
{Volume "gate1"
	{Box 3.93701 61.0236 49.2126}
	{Bone "piece1"}
	{Matrix34
		-1	0	0
		0	0	1
		0	1	0
		0	24.6063	-31.8898
	}
}
{Volume "gate2"
	{Box 3.93701 61.0236 49.2126}
	{Bone "piece2"}
	{Matrix34
		1	0	0
		0	0	-1
		0	1	0
		0	24.6063	-31.8898
	}
}
