;MDL File generated by SOEdit Version Next (v0.7m4)
;Model created by: Администратор
;Date: Sun Feb 19 11:03:27 2012
;File: G:\Работа с Pheonix\Редактирование\Мои модели\Прислано StarMeh\Тигр Корнет\Tigr_kornet 21.max
;Model create/rebuild by: MoCKBu4
;Last build date: Wednesday 18 April 2023 [22:22:09]
{Skeleton
    {Animation
        {Sequence "start" {Speed 0.6}}
        {Sequence "stop" {Speed 0.6}}
        {Sequence "doorleft" {Speed 0.5}}
        {Sequence "doorright" {Speed 0.5}}
        {Sequence "doorleft1" {Speed 0.5}}
        {Sequence "doorright1" {Speed 0.5}}
    }
    {Bone revolute "basis"
        {Parameters "Wheelradius=0.58;SteerMax=35;"}
        {Limits -0 0}
        {Orientation
            1	0	0
            0	-1	0
            0	0	1
        }
        {Bone "pivot_front"
            {Matrix34
                0.999962	-0.00872649	0
                0.00872649	0.999962	0
                0	0	1
                34.1895	-0.565494	11.4509
            }
            {Bone revolute "steer_l1"
                {Matrix34
                    0.999962	0.00872649	0
                    0.00872649	-0.999962	0
                    0	0	-1
                    -0.362038	13.3004	-0.356035
                }
                {Bone revolute "wheell1"
                    {Parameters "ID=wheelleft;"}
                    {Matrix34
                        0.999963	0.00855986	7.43866e-05
                        -2.78548e-05	-0.00543604	0.999985
                        0.00856014	-0.999949	-0.0054356
                        0.356804	-4.368	-0.0245209
                    }
                    {VolumeView "wheell1.ply"}
                }
            }
            {Bone revolute "steer_r1"
                {Matrix34
                    0.999962	0.00872649	0
                    0.00872649	-0.999962	0
                    0	0	-1
                    0.05616	-12.8014	-0.13299
                }
                {Bone revolute "wheelr1"
                    {Parameters "ID=wheelright;"}
                    {Matrix34
                        0.999974	-0.00721782	0
                        0	0	1
                        -0.00721782	-0.999974	0
                        0.182899	4.58069	0.181227
                    }
                    {VolumeView "wheelr1.ply"}
                }
            }
            {Bone "fxtracer2"
                {Matrix34
                    0.999962	0.00872649	0
                    -0.00872649	0.999962	0
                    0	0	1
                    -0.708565	-17.0589	-11.4509
                }
            }
            {Bone "fxtracel2"
                {Matrix34
                    0.999962	0.00872649	0
                    -0.00872649	0.999962	0
                    0	0	1
                    -1.00647	17.1081	-11.4509
                }
            }
        }
        {Bone "pivot_back"
            {Matrix34
                0.999962	-0.00872649	0
                0.00872649	0.999962	0
                0	0	1
                -30.5657	-0.000383705	11.4528
            }
            {Bone revolute "wheelr2"
                {Parameters "ID=wheelright;"}
                {Matrix34
                    1	0	0
                    0	0	-1
                    0	1	0
                    0.0382977	-17.5311	0.110758
                }
                {VolumeView "wheelr2.ply"}
            }
            {Bone revolute "wheell2"
                {Parameters "ID=wheelleft;"}
                {Matrix34
                    1	0	0
                    0	0.00358123	-0.999994
                    0	0.999994	0.00358123
                    -0.259588	17.2461	-0.278904
                }
                {VolumeView "wheell2.ply"}
            }
            {Bone "fxtracer1"
                {Matrix34
                    0.999962	0.00872649	0
                    -0.00872649	0.999962	0
                    0	0	1
                    0.751333	-17.4447	-11.4528
                }
            }
            {Bone "fxtracel1"
                {Matrix34
                    0.999962	0.00872649	0
                    -0.00872649	0.999962	0
                    0	0	1
                    0.283072	16.7233	-11.4528
                }
            }
        }
        {Bone "emit2"
            {Matrix34
                0	1	0
                -1	0	0
                0	0	1
                8.34514	-30.4982	0
            }
        }
        {Bone "emit3"
            {Matrix34
                0.968011	0.250909	0
                -0.250909	0.968011	0
                0	0	1
                -54.9408	-10.9572	0
            }
        }
        {Bone "emit4"
            {Matrix34
                0.97807	-0.208277	0
                0.208277	0.97807	0
                0	0	1
                -55.1354	8.04153	0
            }
        }
        {Bone "emit1"
            {Matrix34
                0.00298293	-0.999996	0
                0.999996	0.00298293	0
                0	0	1
                8.36161	29.2273	0
            }
        }
        {Bone "body"
            {Parameters "ID=body;"}
            {Position 0.0676823	-0.492886	23.6321}
            {VolumeView "body.ply"}
            {Bone "doorl"
                {Parameters "ID=body;"}
                {Matrix34
                    0.999814	0	-0.0192945
                    0	1	0
                    0.0192945	0	0.999814
                    17.6805	21.9834	-0.42028
                }
                {VolumeView "doorl.ply"}
                {Bone "glass7"
                    {Parameters "ID=glass;"}
                    {Matrix34
                        0.999986	-0.000114917	0.00534341
                        2.93288e-05	0.999872	0.0160147
                        -0.00534457	-0.0160143	0.999858
                        -8.34917	-1.31926	10.5019
                    }
                    {VolumeView "glass7.ply"}
                }
                {Bone "glasszl"
                    {Parameters "ID=glass;"}
                    {Matrix34
                        0.999947	-0.00883985	0.00520322
                        0.00875526	0.999833	0.0160603
                        -0.00534433	-0.0160139	0.999858
                        -3.49603	2.51043	10.1737
                    }
                    {VolumeView "glasszl.ply"}
                }
            }
            {Bone "doorr"
                {Parameters "ID=body;"}
                {Matrix34
                    0.999991	-0.00416564	0.000905514
                    0.00414662	0.99979	0.0200772
                    -0.000988958	-0.0200732	0.999798
                    18.6626	-21.7263	-0.0220222
                }
                {VolumeView "doorr.ply"}
                {Bone "glass8"
                    {Parameters "ID=glass;"}
                    {Matrix34
                        0.999961	0.00873845	-0.000852976
                        -0.00873316	0.999944	0.00601773
                        0.000905514	-0.00601005	0.999982
                        -8.84954	2.15915	10.7691
                    }
                    {VolumeView "glass8.ply"}
                }
                {Bone "glasszr"
                    {Parameters "ID=glass;"}
                    {Matrix34
                        0.714455	-0.699664	-0.00485204
                        0.699681	0.714446	0.00366033
                        0.000905513	-0.00601001	0.999982
                        -4.06037	-2.03363	10.0393
                    }
                    {VolumeView "glasszr.ply"}
                }
            }
            {Bone "doorr_back"
                {Parameters "ID=body;"}
                {Matrix34
                    0.999805	0.0197199	-0.000519966
                    -0.0197237	0.999768	-0.00871504
                    0.000347985	0.0087236	0.999962
                    -46.2817	-15.3376	5.54636
                }
                {VolumeView "doorr_back.ply"}
                {Bone "glass6"
                    {Parameters "ID=glass;"}
                    {Matrix34
                        0.999805	-0.0197236	0.000348091
                        0.0197198	0.999768	0.0087236
                        -0.000520071	-0.00871504	0.999962
                        0.809017	7.5698	7.00985
                    }
                    {VolumeView "glass6.ply"}
                }
            }
            {Bone "doorl_back"
                {Parameters "ID=body;"}
                {Matrix34
                    0.99934	-0.0348689	0.0102141
                    0.0349279	0.999374	-0.00566164
                    -0.0100103	0.00601466	0.999932
                    -46.2998	16.4229	5.43155
                }
                {VolumeView "doorl_back.ply"}
                {Bone "glass5"
                    {Parameters "ID=glass;"}
                    {Matrix34
                        0.99934	0.0349279	-0.0100103
                        -0.0348689	0.999374	0.00601466
                        0.0102142	-0.00566164	0.999932
                        1.02135	-7.76026	6.93768
                    }
                    {VolumeView "glass5.ply"}
                }
            }
            {Bone "glass9"
                {Parameters "ID=glass;"}
                {Position -28.9305	-19.8236	12.6365}
                {VolumeView "glass9.ply"}
            }
            {Bone "glass10"
                {Parameters "ID=glass;"}
                {Position -8.98538	-19.8235	12.6365}
                {VolumeView "glass10.ply"}
            }
            {Bone "glass3"
                {Parameters "ID=glass;"}
                {Position -9.50788	20.6936	11.5856}
                {VolumeView "glass3.ply"}
            }
            {Bone "glass4"
                {Parameters "ID=glass;"}
                {Position -29.3351	20.6936	11.8311}
                {VolumeView "glass4.ply"}
            }
            {Bone "glassc"
                {Parameters "ID=glass;"}
                {Position 11.8292	0.3578	22.3422}
                {VolumeView "glassc.ply"}
            }
            {Bone "glassb"
                {Parameters "ID=glass;"}
                {Position -43.3713	20.7011	21.4666}
                {VolumeView "glassb.ply"}
            }
            {Bone "headlightr"
                {Parameters "ID=glass;"}
                {Position 47.1242	13.7825	-2.03943}
                {VolumeView "headlightr.ply"}
            }
            {Bone "headlightl"
                {Parameters "ID=glass;"}
                {Position 47.3323	-13.5242	-1.92743}
                {VolumeView "headlightl.ply"}
            }
            {Bone "glass1"
                {Parameters "ID=glass;"}
                {Matrix34
                    0.996692	-0.0633923	0.050849
                    0.0605551	0.997016	0.0478754
                    -0.0628118	-0.0521808	0.99666
                    17.3179	-9.7034	12.1918
                }
                {VolumeView "glass1.ply"}
            }
            {Bone "glass2"
                {Parameters "ID=glass;"}
                {Matrix34
                    0.996259	-0.0646312	0.0573659
                    0.0615074	0.99661	0.0546458
                    -0.0607032	-0.0509129	0.996857
                    17.0507	9.81843	12.1918
                }
                {VolumeView "glass2.ply"}
            }
            {Bone "fxstop2"
                {Position -46.8096	-17.9996	-7.81071}
            }
            {Bone "fxstop1"
                {Position -46.8349	18.6862	-7.95906}
            }
            {Bone "visor2"
                {Position 20.2098	11.0443	11.6499}
            }
            {Bone "fxlight"
                {Position 50.3561	0.363471	-2.43998}
            }
            {Bone "fxfire1"
                {Position 33.7142	-0.125187	6.89313}
            }
            {Bone "driver"
                {Position 7.94925	12.4654	-8.16564}
            }
            {Bone "commander"
                {Position 7.94925	-10.7145	-8.16564}
            }
            {Bone "seat0"
                {Position -18.9181	8.11359	-8.16564}
            }
            {Bone "link2"
                {Matrix34
                    -1	0.000174371	0
                    -0.000174371	-1	0
                    0	0	1
                    -47.662	0.503046	-11.5061
                }
            }
            {Bone "seat1"
                {Position -18.874	-7.15817	-7.99914}
            }
            {Bone "seat2"
                {Matrix34
                    -0.999882	0.0153556	0
                    -0.0153556	-0.999882	0
                    0	0	1
                    -29.3428	8.28356	-7.66855
                }
            }
            {Bone "seat3"
                {Matrix34
                    -0.999882	0.0153556	0
                    -0.0153556	-0.999882	0
                    0	0	1
                    -29.269	-8.06751	-7.55835
                }
            }
            {Bone "fxsmoke1"
                {Matrix34
                    -0.589495	-0.670917	-0.44985
                    0.728311	-0.682323	0.0632359
                    -0.349369	-0.290353	0.890863
                    -15.9353	-19.9616	-14.102
                }
            }
            {Bone "controls"
                {Parameters "ID=body;"}
                {Matrix34
                    0.909681	0	-0.415307
                    0	1	0
                    0.415307	0	0.909681
                    10.1845	-11.9925	2.43638
                }
                {VolumeView "controls.ply"}
            }
            {Bone "seat02"
                {Position 7.94925	-10.7145	-8.16564}
            }
            {Bone "driver1"
                {Position 7.94925	12.4654	-8.16564}
            }
            {Bone "cover1_l"
                {Matrix34
                    -1	-0	0
                    0	0	1
                    -0	1	-0
                    -23.06	-7.65	20.75
                }
                {VolumeView "cover1_l.ply"}
            }
            {Bone "cover1_l_0"
                {Matrix34
                    -1	-0	0
                    0	0	1
                    -0	1	-0
                    -23.06	7.94999	20.75
                }
                {VolumeView "cover1_l.ply"}
            }
            {Bone "cover_l"
                {Matrix34
                    0.993268	0	-0.115804
                    0	1	0
                    0.115804	0	0.993268
                    -12.54	-7.65	18.06
                }
                {VolumeView "cover_l.ply"}
            }
            {Bone "cover_l_0"
                {Matrix34
                    0.993268	0	-0.115804
                    0	1	0
                    0.115804	0	0.993268
                    -12.38	8.03	18.06
                }
                {VolumeView "cover_l.ply"}
            }
            {Bone revolute "turret_mgun"
                {Parameters "ID=Turret;"}
                {Speed 0.02}
                {Position 9.26667	0.71898	25.2032}
                {VolumeView "turret_mgun.ply"}
                {Bone revolute "mgun_rot"
                    {Limits -40 25}
                    {Matrix34
                        0.962517	0	0.27122
                        0.27122	0	-0.962517
                        0	1	0
                        -2.31332	-0.207287	4.14828
                    }
                    {VolumeView "mgun_rot.ply"}
                    {Bone "mgun"
                        {Matrix34
                            0.999984	-0.00566792	1.55375e-05
                            -0.0056679	-0.999984	0
                            1.55445e-05	0	-1
                            -7.77275	1.19077	-0.00439501
                        }
                        {Bone "foresight1"
                            {Matrix34
                                0.999984	-1.5676e-05	-0.00566789
                                -0.0056679	0	-0.999984
                                1.57654e-05	1	0
                                32.8963	1.89728	0.0393867
                            }
                        }
                    }
                    {Bone "visor1"
                        {Matrix34
                            1	0	0
                            0	0	1
                            0	-1	0
                            7.22908	3.22661	-0.523805
                        }
                    }
                }
                {Bone "foresight17"
                    {Matrix34
                        0.692889	0	0.721044
                        0	1	0
                        -0.721044	0	0.692889
                        9.00593	3.80599	1.09538
                    }
                }
                {Bone "foresight18"
                    {Matrix34
                        0.692889	0	0.721044
                        0	1	0
                        -0.721044	0	0.692889
                        9.05303	-4.11441	1.14451
                    }
                }
                {Bone "turret_systems"
                    {Position -1.43323	-0.37716	-1.17767}
                }
            }
        }
    }
}
{Volume "body1"
    {Polyhedron "body1.vol"}
    {Bone "body"}
    {Position -0.57326	0.83289	-15.9096}
}
{Volume "body2"
    {Polyhedron "body2.vol"}
    {Bone "body"}
    {Position 1.92189	-17.2772	-10.8574}
}
{Volume "body3"
    {Polyhedron "body3.vol"}
    {Bone "body"}
    {Position 1.92189	17.1557	-10.8574}
}
{Volume "body"
    {Polyhedron "body.vol"}
    {Bone "body"}
    {Position 2.52054	0.5083	-0.926765}
}
{Volume "engine"
    {Box 19.8385 16.9403 2.62948}
    {Bone "body"}
    {Matrix34
        1	0	0
        0	0.778794	0.00448191
        0	-0.00328286	4.92489
        34.793	-0.120595	-3.26015
    }
}
{Volume "glass10"
    {Polyhedron "glass10.vol"}
    {Bone "glass10"}
    {Position -0.665339	0.257816	-1.17421}
}
{Volume "glass1"
    {Polyhedron "glass1.vol"}
    {Bone "glass1"}
    {Matrix34
        0.997537	0.0620902	-0.0255162
        -0.0633646	0.996628	-0.0446412
        0.0907443	0.0578686	0.995446
        0.498339	-0.125827	-0.653912
    }
}
{Volume "glass2"
    {Polyhedron "glass2.vol"}
    {Bone "glass2"}
    {Matrix34
        0.996259	0.0615075	-0.0607032
        -0.0646312	0.99661	-0.050913
        0.0573659	0.054646	0.996857
        0.825138	0.699514	-0.799995
    }
}
{Volume "glass3"
    {Polyhedron "glass3.vol"}
    {Bone "glass3"}
    {Position -0.14284	0.119936	-0.134243}
}
{Volume "glass4"
    {Polyhedron "glass4.vol"}
    {Bone "glass4"}
    {Position 0.427763	0.0356884	-0.243317}
}
{Volume "glass5"
    {Polyhedron "glass5.vol"}
    {Bone "glass5"}
    {Position 0.321087	0.108119	-0.939388}
}
{Volume "glass6"
    {Polyhedron "glass6.vol"}
    {Bone "glass6"}
    {Position 0.20491	-0.4126	-0.934067}
}
{Volume "glass7"
    {Polyhedron "glass7.vol"}
    {Bone "glass7"}
    {Matrix34
        0.999903	0.000338609	0.0139477
        -0.000115215	0.999872	-0.0160143
        -0.0139513	0.0160111	0.999774
        -0.351079	0.362757	0.87743
    }
}
{Volume "glass8"
    {Polyhedron "glass8.vol"}
    {Bone "glass8"}
    {Matrix34
        0.999989	-0.00459184	-0.000109043
        0.00458743	0.999649	-0.0260854
        0.00022879	0.0260846	0.99966
        -0.613655	0.19187	0.297932
    }
}
{Volume "glass9"
    {Polyhedron "glass9.vol"}
    {Bone "glass9"}
    {Position 0.0231915	0.257828	-1.01387}
}
{Volume "mrap"
    {Box 18 37 0.667929}
    {Bone "body"}
    {Matrix34
        0	2.51124	0
        -2.51124	0	0
        0	0	2.51124
        5	1	-18
    }
}
{Volume "wheelleft1"
    {Polyhedron "wheelleft1.vol"}
    {Bone "wheell1"}
    {Matrix34
        0.999963	0	0.00856007
        4.70101e-05	0.999985	-0.00543587
        -0.00855995	0.00543608	0.999949
        -0.170349	-0.152735	-3.91206
    }
}
{Volume "wheelleft2"
    {Polyhedron "wheelleft2.vol"}
    {Bone "wheell2"}
    {Matrix34
        0.999962	3.12513e-05	0.00872649
        0	0.999994	-0.00358138
        -0.00872654	0.00358124	0.999956
        0.0214787	-0.0907431	-3.84524
    }
}
{Volume "wheelright1"
    {Polyhedron "wheelright1.vol"}
    {Bone "wheelr1"}
    {Matrix34
        0.999974	0	-0.00721782
        0	1	0
        0.00721782	0	0.999974
        -0.208641	-0.0417538	-3.65079
    }
}
{Volume "wheelright2"
    {Polyhedron "wheelright2.vol"}
    {Bone "wheelr2"}
    {Matrix34
        0.999962	0	0.00872649
        0	1	0
        -0.00872649	0	0.999962
        0.0261154	-0.0152817	-3.73402
    }
}
