;Exported by: Администратор
;Date:        Sat May 11 09:24:16 2013
;File:        G:\Работа с Pheonix\Редактирование\Мои модели\Авиация\MQ-9\MQ-9 final.max
{Skeleton
	{animation
		{sequence "basis" {speed 0.1}}
		{sequence "wheels" {speed 0.1}}
		{sequence "flaps_off" {speed 0.3}}
		{sequence "nose_up" {speed 0.1}}
		{sequence "engine_start" {speed 0.3}}
		{sequence "engine_work" {speed 0.3}}
		{sequence "engine_stop" {speed 0.3}}
		{sequence "ols_work" {speed 0.1}}
		{sequence "fly" {speed 0.3}}
		{sequence "damage_fly" {speed 0.3}}
	}
	{bone revolute "basis" {limits -0 0}
		{parameters "SteerMax=20;Wheelradius=0.15;"}
		{Orientation
			1	0	0
			0	-1	0
			0	0	1
		}
		{bone "pivot_back"
			{Position -20.4225	0	0}
			{bone "supportleft"
				{parameters "support;"}
				{Position 2.15664	29.6087	4.02997}
			}
			{bone "supportright"
				{parameters "support;"}
				{Position 0.842396	-27.9148	3.36623}
			}
		}
		{bone "pivot_front"
			{Position 36.8526	0	0}
			{bone "supportfront"
				{parameters "support;"}
				{Position 1.03631	0.471795	3.32805}
			}
		}
		{bone "body"
			{parameters "ID=body;"}
			{Position -7.93885	0	35.3064}
			{VolumeView "body.ply"}
			{bone "wheel_front_support"
				{Position 35.431	-0.0109823	-3.30819}
				{VolumeView "wheel_front_support.ply"}
				{bone revolute "steerl"
					{Matrix34
						-0.819152	0	-0.573576
						0	1	0
						0.573576	0	-0.819152
						17.0038	-0.131148	-24.0526
					}
					{VolumeView "steerl.ply"}
					{bone revolute "wheel_front"
						{parameters "ID=wheel_front;Wheelradius=0.15;"}
						{Matrix34
							-0.819152	0	0.573576
							0.573576	0	0.819152
							0	1	0
							8.19235	0.102386	-0.0239582
						}
						{VolumeView "wheel_front.ply"}
					}
					{bone "fxtracefront"
						{Matrix34
							-0.819152	0	0.573576
							0	1	0
							-0.573576	0	-0.819152
							9.07577	0.38388	3.34491
						}
					}
				}
			}
			{bone revolute "ols1"
				{parameters "ID=body;"}
				{Position 70.4159	-0.419486	-15.2901}
				{VolumeView "ols1.ply"}
				;{limits -180 180}
				{speed 0.03}
				{bone revolute "missile_rot2"
					;{limits -360 360}
					{speed 0.13}
					{Matrix34
						1	0	0
						0	0	-1
						0	1	0
						0.61807	0	0.816364
					}
					{bone "foresight1"
						{Matrix34
							1	0	0
							0	0	1
							0	-1	0
							-0.973618	-0.209049	0.111053
						}
					}
				}
				{bone revolute "ols"
				    {limits -180 180}
					{parameters "ID=body;"}
					{Matrix34
						1	0	0
						0	0	-1
						0	1	0
						0.0149155	0.00581372	-0.365108
					}
					{VolumeView "ols.ply"}
					
					{bone "visor_ols"
						{Matrix34
							1	0	0
							0	0	1
							0	-1	0
							4.52195	1.22795	-0.114755
						}
					}
				}
			}
			{bone "wheel_left_support"
				{Position -10.9665	5.46912	-3.10223}
				{VolumeView "wheel_left_support.ply"}
				{bone "wheel_left_support1"
					{Matrix34
						1	0	0
						0	0.766044	0.642788
						0	-0.642788	0.766044
						0.311653	21.8573	-28.403
					}
					{VolumeView "wheel_left_support1.ply"}
					{bone revolute "wheel_left"
						{parameters "ID=wheel_left;Wheelradius=0.15;"}
						{Matrix34
							1	0	0
							0	-0.642788	-0.766044
							0	0.766044	-0.642788
							0.0188808	1.64235	-1.65987
						}
						{VolumeView "wheel_left.ply"}
					}
					{bone "fxtraceleft"
						{Matrix34
							1	0	0
							0	0.766044	-0.642787
							0	0.642787	0.766044
							-0.339996	-0.57835	-4.4768
						}
					}
				}
			}
			{bone "wheel_right_support"
				{Position -11.043	-5.47119	-3.05339}
				{VolumeView "wheel_right_support.ply"}
				{bone "wheel_right_support1"
					{Matrix34
						1	0	0
						0	0.766044	-0.642788
						0	0.642788	0.766044
						-0.0171204	-20.4909	-28.6019
					}
					{VolumeView "wheel_right_support1.ply"}
					{bone "fxtraceright"
						{Matrix34
							1	0	0
							0	0.766044	0.642788
							0	-0.642788	0.766044
							0.0120487	0.691557	-4.18592
						}
					}
					{bone revolute "wheel_right"
						{parameters "ID=wheel_right;Wheelradius=0.15;"}
						{Matrix34
							1	0	0
							0	0.642787	-0.766045
							0	0.766045	0.642787
							-0.0165634	-1.63374	-1.66977
						}
						{VolumeView "wheel_right.ply"}
					}
				}
			}
			{bone "engine"
				{parameters "ID=engine;"}
				{Position -74.1158	1.38269	11.8905}
				{VolumeView "engine.ply"}
			}
			{bone "stabilizer1"
				{parameters "ID=body;"}
				{Position -81.7663	41.3334	17.1197}
				{VolumeView "stabilizer1.ply"}
				{bone revolute "elevator1"
					{parameters "ID=body;"}
					{limits -15 5}
					{speed 0.02}
					{Matrix34
						1	0	0
						0	-0.521228	0.853418
						0	-0.853418	-0.521228
						-1.10608	3.61398	2.76245
					}
					{VolumeView "elevator1.ply"}
				}
			}
			{bone "stabilizer2"
				{parameters "ID=body;"}
				{Position -81.8788	-39.2284	16.8914}
				{VolumeView "stabilizer2.ply"}
				{bone revolute "elevator2"
					{parameters "ID=body;"}
					{limits -15 5}
					{speed 0.02}
					{Matrix34
						1	0	0
						0	0.537861	0.843033
						0	-0.843033	0.537861
						-1.22708	-3.40282	2.71269
					}
					{VolumeView "elevator2.ply"}
				}
			}
			{bone "kolpak"
				{Position -112.631	1.77481	3.70887}
				{VolumeView "kolpak.ply"}
				{bone "propeller"
					{parameters "ID=body;"}
					{Position 0.573792	1.51648	-5.98136}
					{VolumeView "propeller.ply"}
				}
				{bone "propeller_work1"
					{Matrix34
						0	-0.520844	0.853652
						0	-0.853652	-0.520844
						1	0	0
						0.577881	-0.293673	-0.33535
					}
					{visibility 0}
					{VolumeView "propeller_work1.ply"}
				}
			}
			{bone "tail"
				{parameters "ID=body;"}
				{Position -75.8727	1.36048	-16.8184}
				{VolumeView "tail.ply"}
				{bone revolute "rudder1"
					{parameters "ID=body;"}
					{limits -15 15}
					{speed 0.02}
					{Matrix34
						0.9954	0	-0.09581
						0	1	0
						0.09581	0	0.9954
						-6.94422	0.138289	-1.13358
					}
					{VolumeView "rudder1.ply"}
				}
				{bone "enumerator2"
					{Matrix34
						-0.0450727	-0.998962	-0.00650851
						0.99893	-0.045137	0.0100903
						-0.0103736	-0.00604706	0.999928
						-3.0463	-1.39531	-0.932854
					}
					{VolumeView "enumerator2.ply"}
				}
			}
			{bone "wingl1"
				{parameters "ID=wingl1;"}
				{Position -2.12326	60.9857	-1.9915}
				{VolumeView "wingl1.ply"}
				{bone "flap1"
					{parameters "ID=wingl1;"}
					{Position -11.6082	-1.17297	1.28495}
					{VolumeView "flap1.ply"}
				}
				{bone "wingl2"
					{parameters "ID=wingl2;"}
					{Position -3.83188	90.0439	4.67142}
					{VolumeView "wingl2.ply"}
					{bone revolute "aileron1"
						{parameters "ID=wingl2;"}
						{limits -15 15}
						{speed 0.02}
						{Matrix34
							1	0	0
							0	0	1
							0	-1	0
							-7.1252	-1.30486	-1.21118
						}
						{VolumeView "aileron1.ply"}
					}
				}
				
				{bone "pilonl"
					{Position 1.06391	-20.9887	-6.54812}
					{VolumeView "pilonl.ply"}
					{bone "brimstone00"
						{Position -2.00917	3.36613	-4.58154}
						{VolumeView "brimstone00.ply"}
					}
					{bone "brimstone02"
						{Position -2.00917	-3.42991	-4.58154}
						{VolumeView "brimstone02.ply"}
					}
				}
			}
			{bone "wingr1"
				{parameters "ID=wingr1;"}
				{Position -2.33855	-65.2676	-2.32307}
				{VolumeView "wingr1.ply"}
				{bone "wingr2"
					{parameters "ID=wingr2;"}
					{Position -6.18093	-90.0252	4.3106}
					{VolumeView "wingr2.ply"}
					{bone revolute "aileron2"
						{parameters "ID=wingr2;"}
						{limits -15 15}
						{speed 0.02}
						{Matrix34
							1	0	0
							0	0	-1
							0	1	0
							-4.72765	6.13933	-0.890774
						}
						{VolumeView "aileron2.ply"}
					}
				}
				{bone "flap2"
					{parameters "ID=wingr1;"}
					{Position -12.2924	6.83902	1.28335}
					{VolumeView "flap2.ply"}
				}
				{bone "pilonr"
					{Position 0.67836	26.2655	-6.43911}
					{VolumeView "pilonr.ply"}
					{bone "brimstone03"
						{Position -1.40833	3.34733	-4.35899}
						{VolumeView "brimstone03.ply"}
					}
					{bone "brimstone01"
						{Position -1.40833	-2.97286	-4.35899}
						{VolumeView "brimstone01.ply"}
					}
				}
			}
			{bone "fxfire_body_1"
				{Position -0.913297	2.31041	0.840263}
			}
			{bone "fxsmoke2"
				{Position 34.7119	-1.64851	-0.292374}
			}
			{bone "fxfire_body_2"
				{Position -94.457	3.26605	2.21734}
			}
			{bone "fxsmoke3"
				{Position -54.0193	1.22977	6.53198}
			}
			{bone "fxsmoke1"
				{Position 64.3025	1.09365	2.12535}
			}
			{bone "fxfire_body_3"
				{Position -25.1589	-0.120576	1.35728}
			}
			
			{bone revolute "missile_rot"
				{limits -25 25}
				{speed 0.03}
				{Position 15.7772	1.26137	-14.0129}
				{bone revolute "missile_rot1"
					{limits -5 45}
					{speed 0.03}
					{Matrix34
						1	0	0
						0	0	-1
						0	1	0
						0.61807	0	0.816364
					}
					{bone "foresight3"
						{Matrix34
							1	0	0
							0	0	1
							0	-1	0
							-0.973618	-0.209049	0.111053
						}
					}
					{bone "brimstone_shooter_00"
						{Matrix34
							1	0	0
							0	0	1
							0	-1	0
							-1.75903	-0.120266	35.0427
						}
					}
					{bone "brimstone_shooter_01"
						{Matrix34
							1	0	0
							0	0	1
							0	-1	0
							-1.69452	0.925989	-37.1413
						}
					}
					{bone "brimstone_shooter_02"
						{Matrix34
							1	0	0
							0	0	1
							0	-1	0
							-1.74278	-0.275438	42.0534
						}
					}
					{bone "brimstone_shooter_03"
						{Matrix34
							1	0	0
							0	0	1
							0	-1	0
							-1.4389	0.896786	-43.579
						}
					}
				}
			}
			{bone "body_systems"
				{Position 51.0048	-1.71141	-1.36143}
			}
			{bone "visor_driver"
				{Position 95.0894	-0.528427	-6.3474}
			}
			{bone "visor_radarx"
				{Matrix34
					0	0	-1
					0	1	0
					1	0	0
					83.4159	-0.528427	-13.283
				}
			}
		}
		{bone revolute "rudder_proj"
			{limits -20 20}
			{speed 0.04}
			{Matrix34
				1	0	0
				0	-1	0
				0	0	-1
				4.58459	0	1.02293
			}
			{bone revolute "elevator_proj"
				{limits -1 1}
				{speed 0.04}
				{Matrix34
					1	0	0
					0	0	1
					0	-1	0
					2.77382	0	0
				}
			}
		}
	}
}
{Obstacle "rectangle04"
	{Obb2
		{Center -21.4968 -1.92205}
		{Extent 109.555 21.1355}
		{Axis -1 0}
	}
	{Rotate}
}
{Obstacle "rectangle1"
	{Obb2
		{Center -16.5306 0}
		{Extent 24.3077 209.605}
		{Axis -1 0}
	}
	{Rotate}
}
{Volume "aileron1"
	{Polyhedron "aileron1.vol"}
	{Bone "aileron1"}
	{Matrix34
		0.996195	-0.00759575	0.0868255
		0.0871572	0.0868246	-0.992404
		0	0.996195	0.0871562
		-5.06886	0.113445	25.3044
	}
}
{Volume "aileron2"
	{Polyhedron "aileron2.vol"}
	{Bone "aileron2"}
	{Matrix34
		0.996195	0.00759576	0.0868256
		0.0871573	-0.0868247	-0.992404
		0	-0.996195	0.0871562
		-6.11448	0.287189	26.1359
	}
}
{Volume "balancer"
	{Box 19.685 19.685 19.685}
	{Bone "body"}
	{Position 150.723	-2.0697	-8.86867}
}
{Volume "body"
	{Polyhedron "body.vol"}
	{Bone "body"}
	{Position -9.39342	-0.213666	-12.6538}
}

{Volume "electronics1"
	{Box 13.6682 13.5329 10.1408}
	{Bone "body_systems"}
	{Position -104.33	0.278245	1.61228}
}
{Volume "electronics"
	{Box 33.4646 11.811 11.811}
	{Bone "body_systems"}
	{Matrix34
		0.993631	0	-0.112688
		0	1	0
		0.112688	0	0.993631
		5.63204	1.71907	-1.97813
	}
}
{Volume "elevator1"
	{Polyhedron "elevator1.vol"}
	{Bone "elevator1"}
	{Matrix34
		1	0	0
		0	-0.051102	-0.998693
		0	0.998693	-0.051102
		-5.10413	-1.12311	7.40506
	}
}
{Volume "elevator2"
	{Polyhedron "elevator2.vol"}
	{Bone "elevator2"}
	{Matrix34
		1	0	0
		0	-0.0706738	0.9975
		0	0.9975	0.0706738
		-4.87063	-1.27596	-6.44118
	}
}
{Volume "engine"
	{Polyhedron "engine.vol"}
	{Bone "engine"}
	{Matrix34
		0.00328309	0	-0.999995
		0	1	0
		0.999995	0	0.00328309
		-31.7469	0.184728	-7.75417
	}
}
{Volume "flap1"
	{Polyhedron "flap1.vol"}
	{Bone "flap1"}
	{Position -0.278728	-10.3962	-2.06869}
}
{Volume "flap2"
	{Polyhedron "flap2.vol"}
	{Bone "flap2"}
	{Matrix34
		1	0	0
		0	-1	0
		0	0	1
		-0.118771	10.6973	-1.73551
	}
}
{Volume "fuel_tank_internal_a"
	{Polyhedron "fuel_tank_internal_a.vol"}
	{Bone "body_systems"}
	{Matrix34
		0	0	-1
		0	1	0
		1	0	0
		-60.669	2.1159	4.2197
	}
}
{Volume "fuel_tank_internal_c_vol01"
	{Box 39.3701 5.90551 9.84252}
	{Bone "body_systems"}
	{Position -33.3497	-4.77122	0.985591}
}
{Volume "fuel_tank_internal_d"
	{Box 39.3701 5.90551 9.84252}
	{Bone "body_systems"}
	{Position -33.3497	7.80873	0.985591}
}
{Volume "laser_td"
	{Polyhedron "laser_td.vol"}
	{Bone "ols"}
	{Matrix34
		0.970927	0	-0.239377
		0.239377	0	0.970927
		0	-1	0
		2.50957	-0.510628	-1.47917
	}
}
{Volume "ols"
	{Sphere 4.11006}
	{Bone "ols"}
	{Matrix34
		1	0	0
		0	0	1
		0	-1	0
		0.429306	0.203514	-0.00401223
	}
}
{Volume "pilot_panel"
	{Polyhedron "pilot_panel.vol"}
	{Bone "body_systems"}
	{Matrix34
		0.965926	0	-0.258819
		0	1	0
		0.258819	0	0.965926
		13.9417	0.772109	-4.10989
	}
}
{Volume "ppu"
	{Box 5.90551 3.93701 5.90551}
	{Bone "body_systems"}
	{Position -107.743	10.2154	-1.59713}
}
{Volume "ptur1"
	{Box 39.3701 9.84252 5.90551}
	{Bone "pilonr"}
	{Matrix34
		0.997335	0	-0.0729603
		0	1	0
		0.0729603	0	0.997335
		-5.41953	-0.128403	-2.78849
	}
}
{Volume "ptur"
	{Box 39.3701 9.84252 5.90551}
	{Bone "pilonl"}
	{Matrix34
		0.997335	0	-0.0729603
		0	1	0
		0.0729603	0	0.997335
		-6.02038	-0.25507	-3.01105
	}
}
{Volume "radarx"
	{Box 13.7795 11.811 3.93701}
	{Bone "body_systems"}
	{Position 29.9007	1.71907	-7.85383}
}
{Volume "rudder1"
	{Polyhedron "rudder1.vol"}
	{Bone "rudder1"}
	{Matrix34
		0.9954	0	0.0958101
		0	1	0
		-0.0958101	0	0.9954
		-4.77695	-0.0533013	-9.11979
	}
}
{Volume "stabilizer1"
	{Polyhedron "stabilizer1.vol"}
	{Bone "stabilizer1"}
	{Matrix34
		1	0	0
		0	0.878938	0.476935
		0	-0.476935	0.878938
		11.3564	-2.12022	-2.05576
	}
}
{Volume "stabilizer2"
	{Polyhedron "stabilizer2.vol"}
	{Bone "stabilizer2"}
	{Matrix34
		1	0	0
		0	-0.878938	0.476935
		0	0.476935	0.878938
		12.3793	1.4492	-1.82745
	}
}
{Volume "steering_eler_l"
	{Polyhedron "steering_eler_l.vol"}
	{Bone "body_systems"}
	{Matrix34
		0.998644	0	-0.0520531
		0	1	0
		0.0520531	0	0.998644
		-36.4277	59.5663	-3.07468
	}
}
{Volume "steering_eler_r"
	{Polyhedron "steering_eler_r.vol"}
	{Bone "body_systems"}
	{Matrix34
		1	0	0
		0	-1	0
		0	0	-1
		-39.2315	-50.4202	-5.29162
	}
}
{Volume "steering_elev"
	{Box 39.3701 0.984252 0.984252}
	{Bone "body_systems"}
	{Matrix34
		0.999605	0	-0.0281033
		0	1	0
		0.0281033	0	0.999605
		-122.458	-5.74721	6.84085
	}
}
{Volume "steering_rudder"
	{Box 39.3701 0.984252 0.984252}
	{Bone "body_systems"}
	{Matrix34
		0.999256	0	-0.0385694
		0	1	0
		0.0385694	0	0.999256
		-125.019	-4.17112	-3.65179
	}
}
{Volume "tail"
	{Polyhedron "tail.vol"}
	{Bone "tail"}
	{Matrix34
		1	0	0
		0	0	-1
		0	1	0
		0.889938	-0.0382769	-10.9448
	}
}
{Volume "wheel_front_support"
	{Box 2.95276 2.95276 26.5748}
	{Bone "wheel_front_support"}
	{Matrix34
		0.819152	0	0.573576
		0	1	0
		-0.573576	0	0.819152
		8.58387	-0.129836	-12.5054
	}
}
{Volume "wheel_front"
	{Cylinder 2.95276 1.9685}
	{Bone "wheel_front"}
	{Matrix34
		1	0	0
		0	-1	0
		0	0	-1
		0.175476	0.0335954	0.255918
	}
}
{Volume "wheel_left_support"
	{Box 1.9685 1.9685 34.7604}
	{Bone "wheel_left_support"}
	{Matrix34
		1	0	0
		0	0.806857	0.590747
		0	-0.590747	0.806857
		0.146299	11.615	-14.7599
	}
}
{Volume "wheel_left"
	{Cylinder 2.95276 1.9685}
	{Bone "wheel_left"}
	{Matrix34
		1	0	0
		0	-0.999361	0.0357546
		0	-0.0357546	-0.999361
		0.106265	0.0635135	0.000176251
	}
}
{Volume "wheel_right_support"
	{Box 1.9685 1.9685 34.7387}
	{Bone "wheel_right_support"}
	{Matrix34
		1	0	0
		0	0.80713	-0.590374
		0	0.590374	0.80713
		0.0486008	-11.0633	-15.7732
	}
}
{Volume "wheel_right"
	{Cylinder 2.95276 1.9685}
	{Bone "wheel_right"}
	{Matrix34
		0.6691	0.742958	0.0178361
		0.743172	-0.668907	-0.0160596
		0	0.0240008	-0.999712
		-0.00341504	-0.0982527	-0.0994317
	}
}
{Volume "wingl1"
	{Polyhedron "wingl1.vol"}
	{Bone "wingl1"}
	{Position 2.83269	-4.3465	3.49327}
}
{Volume "wingl2"
	{Polyhedron "wingl2.vol"}
	{Bone "wingl2"}
	{Matrix34
		1	0	0
		0	0.999625	0.0273816
		0	-0.0273816	0.999625
		4.99545	-7.40314	-0.246109
	}
}
{Volume "wingr1"
	{Polyhedron "wingr1.vol"}
	{Bone "wingr1"}
	{Matrix34
		1	0	0
		0	-1	0
		0	0	1
		3.04798	9.02064	3.82484
	}
}
{Volume "wingr2"
	{Polyhedron "wingr2.vol"}
	{Bone "wingr2"}
	{Matrix34
		1	0	0
		0	-0.999625	0.0273817
		0	0.0273817	0.999625
		6.34737	13.0692	-0.326344
	}
}
