;MDL File generated by SOEdit Version Next (v0.7m4)
;Model created by: USER
;Date: Thu Nov 03 21:25:45 2016
;File: C:\Users\USER\Desktop\dozor_cmp1.max
;Model create/rebuild by: Makimka
;Last build date: Friday 9 November 2023 [22:58:10]
{Skeleton
    {Animation
        {Sequence "start" {Speed 0.6}}
        {Sequence "stop" {Speed 0.6}}
    }
    {Bone "basis"
        {Parameters "Wheelradius=0.58;SteerMax=35;"}
        {Matrix34
            1	0	0
            0	-1	0
            0	0	1
            1.5	0	-7.8
        }
        {Bone "body"
            {Parameters "ID=body;"}
            {Matrix34
                0.999943	3.55171e-05	0.0106964
                -0.000190118	0.999921	0.0125528
                -0.0119601	-0.0124645	0.999851
                -10.6546	-0.155055	31.9244
            }
            {VolumeView "body.ply"}
            {Bone revolute "turret"
                {Parameters "ID=turret;"}
                {Speed 0.01}
                {Matrix34
                    0.999799	0.000561023	-0.0188093
                    -0.00205496	0.997709	-0.067707
                    0.0209435	0.0672501	0.997537
                    -2.64952	0.064594	20.3367
                }
                {VolumeView "turret.ply"}
                {Bone "visor1"
                    {Matrix34
                        0.999934	0.00104917	-0.0124268
                        -0.000398866	0.998442	0.0561984
                        0.0139401	-0.0557875	0.99831
                        8.27553	2.01814	5.29276
                    }
                }
                {Bone revolute "mgun_rot"
                    {Limits -25 60}
                    {Matrix34
                        0.999936	0.0010567	-0.0122313
                        0.0137225	-0.056108	0.998295
                        0.000415131	-0.998424	-0.0565212
                        2.5554	2.23846	5.10228
                    }
                }
            }
            {Bone "fxsmoke1"
                {Matrix34
                    0.999893	0.000105861	0.0159565
                    0.000409275	0.999564	-0.0296136
                    -0.0178379	0.0294033	0.999383
                    -36.0294	-9.67951	-15.7885
                }
            }
            {Bone "fxstop1"
                {Matrix34
                    0.999893	0.000105913	0.0159565
                    0.000409215	0.999564	-0.0296136
                    -0.0178379	0.0294033	0.999383
                    -52.4072	18.6432	-6.99353
                }
            }
            {Bone "visor"
                {Matrix34
                    0.999947	0.000142984	0.0116702
                    0	0.999926	-0.0122276
                    -0.0130506	0.012139	0.999824
                    24.4803	9.92392	10.505
                }
            }
            {Bone "fxfire1"
                {Matrix34
                    0.999755	0.00028715	0.0234185
                    0.000322155	0.999698	-0.0246448
                    -0.0261844	0.0244671	0.999322
                    35.4621	2.19597	2.82345
                }
            }
            {Bone "fxstop2"
                {Matrix34
                    0.999893	0.000105913	0.0159565
                    0.000409215	0.999564	-0.0296136
                    -0.0178379	0.0294033	0.999383
                    -52.5883	-20.9423	-6.72541
                }
            }
            {Bone "headlightr"
                {Matrix34
                    0.999947	0.000143486	0.0116702
                    0	0.999926	-0.0122276
                    -0.0130507	0.012139	0.999824
                    55.9575	-14.8661	-3.90956
                }
            }
            {Bone "headlightl"
                {Matrix34
                    0.999947	0.000143486	0.0116702
                    0	0.999926	-0.0122276
                    -0.0130507	0.012139	0.999824
                    54.865	17.461	-4.18823
                }
            }
            {Bone "fxlight"
                {Matrix34
                    0.999937	0.00147785	0.0124237
                    -0.00067686	0.997497	-0.0707925
                    -0.0139747	0.0702721	0.997406
                    56.6384	1.86505	-0.983763
                }
            }
            {Bone "seat03"
                {Matrix34
                    0.160361	-0.985966	0.046649
                    0.989586	0.141786	-0.0237425
                    0.0187845	0.0496225	0.998611
                    -40.0225	9.01757	-12.359
                }
            }
            {Bone "driver"
                {Matrix34
                    0.999773	0.000267567	0.0226101
                    0.000305439	0.999714	-0.0239929
                    -0.0252807	0.0238201	0.999362
                    10.2065	12.3342	-11.2506
                }
            }
            {Bone "commander"
                {Matrix34
                    0.99977	0.000270253	0.02274
                    0.000308548	0.999712	-0.0240976
                    -0.0254258	0.023924	0.999356
                    10.57	-9.64632	-11.233
                }
            }
            {Bone "seat05"
                {Matrix34
                    -0.399079	-0.915456	0.0514648
                    0.932108	-0.361713	-0.0168354
                    0.0380829	0.0409913	0.998478
                    -32.2025	9.38472	-12.0968
                }
            }
            {Bone "seat01"
                {Matrix34
                    -0.346788	-0.93653	0.0512495
                    0.949519	-0.313128	-0.0176114
                    0.0364129	0.0422783	0.998484
                    -22.7197	9.56943	-12.1193
                }
            }
            {Bone "seat04"
                {Matrix34
                    0.563604	-0.825117	0.0397119
                    0.855288	0.517407	-0.0270996
                    0.00203056	0.0489591	0.998797
                    -15.1815	11.4117	-10.238
                }
            }
            {Bone "seat06"
                {Matrix34
                    -0.0157388	0.999801	-0.0123625
                    -0.999832	-0.0138411	0.0108555
                    0.0119456	0.012442	0.999865
                    -16.4378	-12.9572	-10.8551
                }
            }
            {Bone "seat07"
                {Matrix34
                    -0.0157388	0.999801	-0.0123626
                    -0.999832	-0.0138411	0.0108555
                    0.0119457	0.012442	0.999865
                    -23.8638	-12.5633	-11.0315
                }
            }
            {Bone "seat08"
                {Matrix34
                    -0.0157388	0.999801	-0.0123625
                    -0.999832	-0.0138411	0.0108555
                    0.0119456	0.012442	0.999865
                    -32.7689	-12.2353	-11.2267
                }
            }
            {Bone "seat02"
                {Matrix34
                    -0.0157388	0.999801	-0.0123626
                    -0.999832	-0.0138411	0.0108556
                    0.0119457	0.0124421	0.999865
                    -40.6988	-13.2706	-11.4078
                }
            }
            {Bone "engine"
                {Parameters "ID=engine;"}
                {Matrix34
                    0.999353	-0.00407079	-0.0345031
                    0.00115178	0.996969	-0.0778816
                    0.0384129	0.0777793	0.996272
                    38.3969	0.883824	-3.66658
                }
                {VolumeView "engine.ply"}
            }
            {Bone "glass2"
                {Parameters "ID=glass2;"}
                {Matrix34
                    0.999654	-0.0129633	0.0241708
                    0.01664	0.996904	-0.0769136
                    -0.0258279	0.0767298	0.996678
                    18.2792	10.0729	9.90627
                }
                {VolumeView "glass2.ply"}
            }
            {Bone "glass3"
                {Parameters "ID=glass3;"}
                {Matrix34
                    0.999754	-0.00491381	0.0229217
                    0.00755039	0.996832	-0.0792617
                    -0.0251132	0.0788409	0.996532
                    18.6111	-8.71498	10.2623
                }
                {VolumeView "glass3.ply"}
            }
            {Bone "glass4"
                {Parameters "ID=glass4;"}
                {Matrix34
                    0.996165	-0.0301502	-0.0808769
                    0.0314919	0.999106	-0.0282687
                    0.0912576	0.0254149	0.995616
                    12.021	19.7191	6.4449
                }
                {VolumeView "glass4.ply"}
            }
            {Bone "glass5"
                {Parameters "ID=glass5;"}
                {Matrix34
                    0.999279	-0.000458861	-0.0367194
                    -0.000538235	0.999672	-0.0256807
                    0.0410585	0.0254967	0.998881
                    11.824	-18.543	7.30595
                }
                {VolumeView "glass5.ply"}
            }
            {Bone "glass1"
                {Parameters "ID=glass1;"}
                {Matrix34
                    0.997468	0.0685202	0.02042
                    -0.0755192	0.995084	-0.0642352
                    -0.0276419	0.0620783	0.997648
                    -49.7423	-1.02191	7.03351
                }
                {VolumeView "glass1.ply"}
            }
            {Bone "fuel"
                {Parameters "ID=body;"}
                {Matrix34
                    0.999755	0.000287149	0.0234212
                    0.000324423	0.999696	-0.0247285
                    -0.0261874	0.0245502	0.99932
                    -26.5403	-15.2777	-9.6234
                }
                {VolumeView "fuel.ply"}
            }
            {Bone "fxfire2"
                {Matrix34
                    0.999755	0.00028715	0.0234185
                    0.000322155	0.999698	-0.0246448
                    -0.0261844	0.0244671	0.999322
                    -2.57255	1.51114	-10.1987
                }
            }
            {Bone "body_systems"
                {Matrix34
                    -0.0159317	0.999797	-0.0123817
                    -0.999834	-0.0136585	0.0108677
                    0.0119615	0.0124633	0.999865
                    19.672	1.00889	1.99212
                }
            }
            {Bone "link2"
                {Matrix34
                    -0.0159317	0.999797	-0.0123817
                    -0.999834	-0.0136585	0.0108677
                    0.0119615	0.0124633	0.999865
                    -52.5402	-2.25716	-10.8864
                }
            }
            {Bone "attach1"
                {Matrix34
                    -0.0190044	0.938653	-0.344447
                    -0.999834	-0.0136585	0.0108678
                    0.00597693	0.344521	0.938736
                    -18.6922	-22.0514	3.39983
                }
            }
        }
        {Bone "pivot_back"
            {Parameters "ID=body;"}
            {Matrix34
                0.999992	0.0040433	0
                -0.00455397	0.99999	0
                0	0	1
                -35.8538	-0.50738	18.5151
            }
            {VolumeView "pivot_back.ply"}
            {Bone "fxtracel2"
                {Matrix34
                    0.999959	-0.00400109	-0.00790265
                    0.00455014	0.99998	0.00493218
                    0.00881509	-0.00493249	0.999949
                    -1.14229	22.6744	-13.7182
                }
            }
            {Bone "fxtracer2"
                {Matrix34
                    0.999961	-0.00404035	-0.00764959
                    0.00450884	0.99998	-0.0049027
                    0.00857635	0.00483329	0.999952
                    0.462154	-22.7227	-14.6846
                }
            }
            {Bone revolute "steer_r1"
                {Parameters "ID=body;"}
                {Matrix34
                    0.99999	-0.00404089	0
                    -0.0045513	-0.999992	0
                    0	0	-1
                    68.8412	-18.9385	-4.91479
                }
                {Bone revolute "wheelr1"
                    {Parameters "ID=wheelright1;"}
                    {Matrix34
                        -0.999999	-0.00164263	0
                        0	0	1
                        -0.00184957	0.999998	0
                        -2.97377	3.46228	-3.13286
                    }
                    {VolumeView "wheelr1.ply"}
                }
            }
            {Bone revolute "steer_l1"
                {Parameters "ID=body;"}
                {Matrix34
                    0.99999	-0.00404089	0
                    -0.0045513	-0.999992	0
                    0	0	-1
                    68.3121	21.0961	-4.91479
                }
                {Bone revolute "wheell1"
                    {Parameters "ID=wheelleft1;"}
                    {Matrix34
                        -0.999972	0.00752194	0
                        0	0	1
                        0.00847255	0.999964	0
                        -2.82394	-2.46049	-2.31577
                    }
                    {VolumeView "wheell1.ply"}
                }
            }
        }
        {Bone "pivot_front"
            {Parameters "ID=body;"}
            {Matrix34
                0.999992	0.0040433	0
                -0.00455397	0.99999	0
                0	0	1
                30.1831	0.426681	17.4805
            }
            {VolumeView "pivot_front.ply"}
            {Bone "fxtracel1"
                {Matrix34
                    0.999959	-0.00400103	-0.00790265
                    0.00455009	0.99998	0.00493218
                    0.00881509	-0.00493249	0.999949
                    -1.2526	22.0662	-13.65
                }
            }
            {Bone "fxtracer1"
                {Matrix34
                    0.999961	-0.0040403	-0.00764972
                    0.00450877	0.99998	-0.0049027
                    0.00857647	0.00483329	0.999952
                    -2.86541	-22.4728	-8.2593
                }
            }
            {Bone revolute "wheell2"
                {Parameters "ID=wheelleft2;"}
                {Matrix34
                    0.99999	-0.00404114	0
                    0	0	1
                    -0.00455159	-0.999992	0
                    -68.2873	21.9704	-1.62229
                }
                {VolumeView "wheell2.ply"}
            }
            {Bone revolute "wheelr2"
                {Parameters "ID=wheelright2;"}
                {Matrix34
                    0.99999	-0.00404114	0
                    0	0	1
                    -0.00455159	-0.999992	0
                    -67.693	-23.2786	-1.62228
                }
                {VolumeView "wheelr2.ply"}
            }
        }
        {Bone "emit1"
            {Matrix34
                -0.010305	-0.999947	0
                0.999958	-0.00914943	0
                0	0	1
                2.6971	32.3669	8.35206
            }
            {Visibility 0}
        }
        {Bone "emit2"
            {Matrix34
                -0.00654725	0.999979	0
                -0.999983	-0.00581304	0
                0	0	1
                2.94493	-29.3328	8.35206
            }
            {Visibility 0}
        }
        {Bone "emit3"
            {Matrix34
                0.0025476	-0.999997	0
                0.999997	0.0022619	0
                0	0	1
                -73.4067	-3.27736	8.35206
            }
            {Visibility 0}
        }
    }
}
{Volume "ammo_storage_mgun"
    {Box 10.7034 8.44976 3.77143}
    {Bone "body_systems"}
    {Position 11.0171	10.4782	-10.2342}
}
{Volume "body"
    {Polyhedron "body.vol"}
    {Bone "body"}
    {Matrix34
        0.999887	-0.000175211	-0.0138499
        -0.000984284	0.997095	-0.0762501
        0.0154583	0.0757135	0.997022
        -14.6749	0.341189	3.24516
    }
}
{Volume "commander_triplex"
    {Box 2.1417 5.38625 2.01391}
    {Bone "turret"}
    {Matrix34
        0.070739	0.995502	0.0610678
        -0.994861	0.0768228	-0.0671415
        -0.0724856	-0.055487	0.995874
        3.40838	1.84074	3.26131
    }
}
{Volume "driver_panel"
    {Box 20.1027 5.21592 4.22244}
    {Bone "body_systems"}
    {Position 3.29104	0.373078	2.20793}
}
{Volume "engine"
    {Box 1278.48 777.926 424.72}
    {Bone "engine"}
    {Matrix34
        0.000768681	-0.0392071	-0.00258307
        0.0408319	0.000999808	-0.00404113
        0.00428405	-0.00249446	0.0389801
        -1.09628	-0.679472	0.296035
    }
}
{Volume "fuel"
    {Box 7.89033 13.3884 5.86519}
    {Bone "body"}
    {Matrix34
        -0.0159323	0.999831	-0.0123821
        -0.998017	-0.013031	0.059846
        0.0609358	0.0131176	0.998132
        -5.05881	-0.170449	-12.9509
    }
}
{Volume "panel_engine_connectors"
    {Box 3.37112 5.0985 7.29194}
    {Bone "body_systems"}
    {Position -3.84386	1.49757	2.03505}
}
{Volume "transmission"
    {Box 12.6882 10.4643 7.47464}
    {Bone "body_systems"}
    {Matrix34
        1	0	0
        0	0.99529	0.0969447
        0	-0.0969446	0.99529
        10.7619	-11.9827	-1.77183
    }
}
{Volume "turret"
    {Cylinder 277.564 153.277}
    {Bone "turret"}
    {Matrix34
        0.00113131	-0.0390591	-0.00215359
        0.0415116	0.00103779	0.000543091
        -0.000512841	-0.00215972	0.0392094
        -0.072835	0.0368156	-0.0212538
    }
}
{Volume "wheelleft1"
    {Polyhedron "wheelleft1.vol"}
    {Bone "wheell1"}
}
{Volume "wheelleft2"
    {Polyhedron "wheelleft2.vol"}
    {Bone "wheell2"}
}
{Volume "wheelright1"
    {Polyhedron "wheelright1.vol"}
    {Bone "wheelr1"}
    {Position 0.00654602	0	-0.409853}
}
{Volume "wheelright2"
    {Polyhedron "wheelright2.vol"}
    {Bone "wheelr2"}
    {Position 1.14441e-05	0	0}
}
