;exported by: gans
;date:        sun dec 25 00:14:51 2022
;file:        g:\3d model vtv\vehicle\thunder\liaz\liaz_x.max
{skeleton
	{bone "basis"
		{orientation
			1	0	0
			0	-1	0
			0	0	1
		}
		{bone "steer_body_anm"
			{parameters "id=body;"}
			{matrix34
				0	0	1
				0	-1	0
				1	0	0
				3.99606	0	10.9449
			}
			{bone "body"
				{parameters "id=body;"}
				{animation
					{sequence "break" {file "body_b.anm"}}
				}
				{matrix34
					-0.0113822	0	0.999935
					0.03547	-0.999371	0.000404551
					0.999306	0.0354723	0.011375
					-0.922746	0	0
				}
				{volumeview "body.ply"}
				{bone "cover5"
					{parameters "id=body;"}
					{matrix34
						1	0	0
						0	0.955639	0.29454
						0	-0.29454	0.955639
						29.8425	24.9409	7.99752
					}
					{volumeview "cover5.ply"}
				}
				{bone "cover6"
					{parameters "id=body;"}
					{matrix34
						1	0	0
						0	0.95557	0.294765
						0	-0.294765	0.95557
						-83.5236	24.9495	5.75541
					}
					{volumeview "cover6.ply"}
				}
				{bone "cover4"
					{parameters "id=body;"}
					{matrix34
						1	0	0
						0	0.957033	-0.289978
						0	0.289978	0.957033
						1.73228	-24.9803	7.94629
					}
					{volumeview "cover4.ply"}
				}
				{bone "cover3"
					{parameters "id=body;"}
					{matrix34
						0.928803	0	0.370573
						0	1	0
						-0.370573	0	0.928803
						-60.1026	-0.000110775	48.8877
					}
					{volumeview "cover3.ply"}
				}
				{bone "cover2"
					{parameters "id=body;"}
					{matrix34
						0.989206	0	0.146528
						0	1	0
						-0.146529	0	0.989206
						-3.35061	-8.56221e-005	48.8877
					}
					{volumeview "cover2.ply"}
				}
				{bone "cover1"
					{parameters "id=body;"}
					{matrix34
						0.945673	0	0.325118
						0	1	0
						-0.325118	0	0.945673
						52.5746	1.40369e-005	48.8877
					}
					{volumeview "cover1.ply"}
				}
				{bone "doorl"
					{parameters "id=cabin;"}
					{matrix34
						0.756586	-0.653895	0
						0.653895	0.756586	0
						0	0	1
						89.4462	24.6282	22.0073
					}
					{volumeview "doorl.ply"}
					{bone "window3"
						{parameters "id=window3;"}
						{position -8.82266	-0.751099	10.2961}
						{volumeview "window3.ply"}
					}
				}
				{bone "engine"
					{parameters "id=engine;"}
					{animation
						{sequence "break" {file "engine_b.anm"}}
					}
					{matrix34
						0.984273	0	0.176651
						0	1	0
						-0.176651	0	0.984273
						99.7236	0	20.1976
					}
					{volumeview "engine.ply"}
				}
				{bone "window9"
					{parameters "id=window9;"}
					{position 1.06772	-23.8488	33.3417}
					{volumeview "window9.ply"}
				}
				{bone "window11"
					{parameters "id=window11;"}
					{position -27.3562	-23.8489	33.3417}
					{volumeview "window11.ply"}
				}
				{bone "window13"
					{parameters "id=window13;"}
					{position -55.8306	-23.8489	33.3417}
					{volumeview "window13.ply"}
				}
				{bone "window17"
					{parameters "id=window17;"}
					{position -103.586	-19.9504	32.5661}
					{volumeview "window17.ply"}
				}
				{bone "window16"
					{parameters "id=window16;"}
					{position -107.41	-2.864e-005	32.6467}
					{volumeview "window16.ply"}
				}
				{bone "window15"
					{parameters "id=window15;"}
					{position -103.586	19.8118	32.5661}
					{volumeview "window15.ply"}
				}
				{bone "window14"
					{parameters "id=window14;"}
					{position -84.2773	23.8365	33.3459}
					{volumeview "window14.ply"}
				}
				{bone "window12"
					{parameters "id=window12;"}
					{position -55.8308	23.8365	33.3459}
					{volumeview "window12.ply"}
				}
				{bone "window10"
					{parameters "id=window10;"}
					{position -27.3564	23.8365	33.3459}
					{volumeview "window10.ply"}
				}
				{bone "window8"
					{parameters "id=window8;"}
					{position 1.06749	23.8365	33.3459}
					{volumeview "window8.ply"}
				}
				{bone "window7"
					{parameters "id=window7;"}
					{position 29.5658	23.8365	33.3459}
					{volumeview "window7.ply"}
				}
				{bone "window6"
					{parameters "id=window6;"}
					{position 57.9486	-23.8489	33.3417}
					{volumeview "window6.ply"}
				}
				{bone "window5"
					{parameters "id=window5;"}
					{position 57.979	23.8365	33.3459}
					{volumeview "window5.ply"}
				}
				{bone "window4"
					{parameters "id=window4;"}
					{position 81.0279	-23.9287	31.6895}
					{volumeview "window4.ply"}
				}
				{bone "window2"
					{parameters "id=window2;"}
					{position 93.2299	-12.522	30.8834}
					{volumeview "window2.ply"}
				}
				{bone "window1"
					{parameters "id=window1;"}
					{position 93.2299	12.4091	30.8834}
					{volumeview "window1.ply"}
				}
				{bone "d8"
					{parameters "id=body;"}
					{matrix34
						0.883896	0.467684	0
						-0.467684	0.883896	0
						0	0	1
						-96.2374	-23.5076	17.1648
					}
					{volumeview "d8.ply"}
					{bone "d7"
						{parameters "id=body;"}
						{matrix34
							0.566523	-0.824046	0
							0.824046	0.566523	0
							0	0	1
							5.51763	1.13157	-0.639704
						}
						{volumeview "d7.ply"}
						{bone "window19"
							{parameters "id=window19;"}
							{position 3.1159	-0.226589	12.7308}
							{volumeview "window19.ply"}
						}
					}
					{bone "window18"
						{parameters "id=window18;"}
						{position 2.73206	0.695007	12.0911}
						{volumeview "window18.ply"}
					}
				}
				{bone "d5"
					{parameters "id=body;"}
					{matrix34
						0.914462	-0.404671	0
						0.404671	0.914463	0
						0	0	1
						-71.703	-23.4524	17.1648
					}
					{volumeview "d5.ply"}
					{bone "d6"
						{parameters "id=body;"}
						{matrix34
							-0.287191	0.957873	0
							-0.957873	-0.287191	0
							0	0	1
							-5.40505	1.54339	-0.639704
						}
						{volumeview "d6.ply"}
						{bone "window20"
							{parameters "id=window20;"}
							{position -3.1276	-0.783409	12.7308}
							{volumeview "window20.ply"}
						}
					}
					{bone "window21"
						{parameters "id=window21;"}
						{position -2.70213	0.728828	12.0911}
						{volumeview "window21.ply"}
					}
				}
				{bone "d4"
					{parameters "id=body;"}
					{matrix34
						0.884374	-0.46678	0
						0.46678	0.884374	0
						0	0	1
						42.0716	-23.6252	17.1648
					}
					{volumeview "d4.ply"}
					{bone "d3"
						{parameters "id=body;"}
						{matrix34
							0.691854	0.722037	0
							-0.722037	0.691854	0
							0	0	1
							-5.6748	1.33994	-0.639704
						}
						{volumeview "d3.ply"}
						{bone "window24"
							{parameters "id=window24;"}
							{position -3.23772	-0.268301	12.7308}
							{volumeview "window24.ply"}
						}
					}
					{bone "window25"
						{parameters "id=window25;"}
						{position -2.97849	0.761315	12.0911}
						{volumeview "window25.ply"}
					}
				}
				{bone "d1"
					{parameters "id=body;"}
					{matrix34
						0.889005	0.457897	0
						-0.457897	0.889005	0
						0	0	1
						17.2649	-23.43	17.1648
					}
					{volumeview "d1.ply"}
					{bone "d2"
						{parameters "id=body;"}
						{matrix34
							0.478403	-0.878141	0
							0.878141	0.478403	0
							0	0	1
							5.30494	1.83941	-0.639702
						}
						{volumeview "d2.ply"}
						{bone "window23"
							{parameters "id=window23;"}
							{position 3.08994	-0.938284	12.7308}
							{volumeview "window23.ply"}
						}
					}
					{bone "window22"
						{parameters "id=window22;"}
						{position 2.66322	0.961176	12.0911}
						{volumeview "window22.ply"}
					}
				}
				{bone "fxfire1"
					{position 98.2072	8.99136e-005	10.8385}
				}
				{bone "fxfire2"
					{position 76.1694	-12.8637	10.8385}
				}
				{bone "fxsmoke1"
					{matrix34
						-0.422618	0.906308	0
						-0.906308	-0.422618	0
						0	0	1
						-27.262	16.0583	-2.96268
					}
				}
				{bone "fxsmoke2"
					{matrix34
						0	1	0
						-1	0	0
						0	0	1
						-27.262	18.3993	-2.96268
					}
				}
				{bone "visor"
					{position 89.9805	0.000108451	45.9325}
				}
				{bone "fxstop2"
					{position -108.118	-16.9807	13.5228}
				}
				{bone "fxstop1"
					{position -108.118	16.8936	13.5299}
				}
				{bone "fxlight"
					{matrix34
						0.996195	0	-0.0871557
						0	1	0
						0.0871557	0	0.996195
						91.9597	0.000140041	46.6035
					}
				}
				{bone "fxsteam"
					{matrix34
						0.422618	0	0.906308
						0	1	0
						-0.906308	0	0.422618
						99.0117	0.000147611	17.0239
					}
				}
				{bone "fxtracel2"
					{matrix34
						-0.965926	0	0.258819
						0	-1	0
						0.258819	0	0.965926
						-46.5551	16.0957	-10.9449
					}
				}
				{bone "fxtracer2"
					{matrix34
						-0.965926	0	0.258819
						0	-1	0
						0.258819	0	0.965926
						-46.5551	-16.0471	-10.9449
					}
				}
				{bone "fxtracel1"
					{matrix34
						-0.965926	0	0.258819
						0	-1	0
						0.258819	0	0.965926
						56.4567	22.1261	-10.9449
					}
				}
				{bone "fxtracer1"
					{matrix34
						-0.965926	0	0.258819
						0	-1	0
						0.258819	0	0.965926
						56.4567	-22.1259	-10.9449
					}
				}
				{bone "headlightr"
					{matrix34
						0.996195	0	-0.0871557
						0	1	0
						0.0871557	0	0.996195
						99.4175	-18.9011	6.56743
					}
				}
				{bone "headlightl"
					{matrix34
						0.996195	0	-0.0871557
						0	1	0
						0.0871557	0	0.996195
						99.4175	18.8765	6.56337
					}
				}
				{bone "body_systems"
					{matrix34
						1	0	0
						0	1	0
						0	0	1
						-3.99606	0	2.53379
					}
				}
				{bone "rainl"
					{parameters "id=body;"}
					{matrix34
						0.995446	0	0.0953263
						0	1	0
						-0.0953263	0	0.995446
						98.9815	12.0287	20.4955
					}
					{volumeview "rainl.ply"}
					{bone "rainl1"
						{parameters "id=body;"}
						{matrix34
							0.993117	0	-0.11713
							0	1	0
							0.11713	0	0.993117
							-1.17178	-7.80939	7.47194
						}
						{volumeview "rainl1.ply"}
					}
				}
				{bone "rainr"
					{parameters "id=body;"}
					{matrix34
						0.995446	0	0.0953263
						0	1	0
						-0.0953263	0	0.995446
						98.9815	-12.0308	20.4955
					}
					{volumeview "rainr.ply"}
					{bone "rainl2"
						{parameters "id=body;"}
						{matrix34
							0.993117	0	-0.11713
							0	1	0
							0.11713	0	0.993117
							-1.17178	7.8115	7.47194
						}
						{volumeview "rainl2.ply"}
					}
				}
			}
		}
		{bone "pivot_front"
			{parameters "id=body;"}
			{position 60.4528	0	10.3346}
			{bone revolute "steer_r1"
				{parameters "id=body;"}
				{matrix34
					1	0	0
					0	-1	0
					0	0	-1
					0.195038	-19.1674	0.90383
				}
				{volumeview "steer_r1.ply"}
				{bone revolute "wheelr1"
					{parameters "id=wheelright1;"}
					{matrix34
						1	0	0
						0	0	1
						0	-1	0
						-0.195042	1.87267	0.903829
					}
					{volumeview "wheelr1.ply"}
				}
			}
			{bone revolute "steer_l1"
				{parameters "id=body;"}
				{matrix34
					1	0	0
					0	-1	0
					0	0	-1
					0.195015	19.1674	0.903801
				}
				{volumeview "steer_l1.ply"}
				{bone revolute "wheell1"
					{parameters "id=wheelleft1;"}
					{matrix34
						1	0	0
						0	0	1
						0	-1	0
						-0.195019	-1.8726	0.903805
					}
					{volumeview "wheell1.ply"}
				}
			}
		}
		{bone "pivot_back"
			{parameters "id=body;"}
			{position -42.5591	0	10.3346}
			{bone revolute "spring_l2"
				{parameters "id=body;"}
				{position -0.151901	13.8089	-0.0851707}
				{volumeview "spring_l2.ply"}
				{bone revolute "wheell2"
					{parameters "id=wheelleft2;"}
					{matrix34
						1	0	0
						0	0	-1
						0	1	0
						0.151897	5.02562	0.0770741
					}
					{volumeview "wheell2.ply"}
				}
			}
			{bone revolute "spring_r2"
				{parameters "id=body;"}
				{matrix34
					1	0	0
					0	0	-1
					0	1	0
					-0.151901	-13.7893	-0.0851688
				}
				{volumeview "spring_r2.ply"}
				{bone revolute "wheelr2"
					{parameters "id=wheelright2;"}
					{position 0.151897	-0.0770721	-5.045}
					{volumeview "wheelr2.ply"}
				}
			}
		}
	}
}
{volume "wheelleft1"
	{polyhedron "wheelleft1.vol"}
	{bone "wheell1"}
	{orientation
		1	0	0
		0	0	1
		0	-1	0
	}
}
{volume "wheelleft2"
	{polyhedron "wheelleft2.vol"}
	{bone "wheell2"}
	{matrix34
		1	0	0
		0	0	1
		0	-1	0
		0	0	0
	}
}
{volume "wheelright1"
	{polyhedron "wheelright1.vol"}
	{bone "wheelr1"}
	{matrix34
		1	0	0
		0	0	1
		0	-1	0
		0	0	0
	}
}
{volume "wheelright2"
	{polyhedron "wheelright2.vol"}
	{bone "wheelr2"}
	{orientation
		1	0	0
		0	0	1
		0	-1	0
	}
}
