;Exported by: ??????
;Date:        Sun Apr  7 10:27:58 2024
;File:        D:\3DS MAX MoW modding\?????????\zil 131\zil131_final_xx.max
{Skeleton
	{bone "basis"
		{Orientation
			1	0	0
			0	-1	0
			0	0	1
		}
		{bone "pivot_back"
			{parameters "ID=body;"}
			{Matrix34
				0.999917	0	0.0129067
				0	1	0
				-0.0129067	0	0.999917
				-32.0056	0.111311	10.3905
			}
			{bone revolute "wheell2"
				{parameters "ID=wheelleft2;"}
				{Matrix34
					0.999917	0	-0.0129067
					-0.0124669	-0.258819	-0.965845
					-0.00334049	0.965926	-0.258798
					11.2148	17.6987	1.10161
				}
				{VolumeView "wheell2.ply"}
			}
			{bone revolute "wheell3"
				{parameters "ID=wheelleft3;"}
				{Matrix34
					0.965845	0.258797	-0.0129067
					-0.12068	0.40519	-0.906232
					-0.229301	0.876838	0.422583
					-13.5485	17.6987	1.45275
				}
				{VolumeView "wheell3.ply"}
			}
			{bone revolute "wheelr2"
				{parameters "ID=wheelright2;"}
				{Matrix34
					0.965845	-0.258797	-0.0129067
					-0.0790294	-0.246773	-0.965845
					0.246773	0.933877	-0.258798
					11.2148	-18.2068	1.1016
				}
				{VolumeView "wheelr2.ply"}
			}
			{bone revolute "wheelr3"
				{parameters "ID=wheelright3;"}
				{Matrix34
					0.999917	0	-0.0129067
					-0.0129067	0	-0.999917
					0	1	0
					-13.5932	-18.2068	1.42182
				}
				{VolumeView "wheelr3.ply"}
			}
			{bone "fxtracel2"
				{Matrix34
					-0.962505	0	0.271264
					0	-1	0
					0.271264	0	0.962505
					0.843187	18.7043	-9.00504
				}
			}
			{bone "fxtracer2"
				{Matrix34
					-0.962505	0	0.271264
					0	-1	0
					0.271264	0	0.962505
					0.850924	-19.0083	-8.40596
				}
			}
		}
		{bone "body"
			{parameters "ID=body;"}
			{Position -2.94783	0	23.8465}
			{VolumeView "body.ply"}
			{bone "bodyback"
				{parameters "ID=bodyback;"}
				{Position -30.93	0.0236274	9.87687}
				{VolumeView "bodyback.ply"}
				{bone "shield"
					{parameters "ID=shield;"}
					{Position 0.515751	-0.0236224	12.497}
					{VolumeView "shield.ply"}
				}
				{bone "detail1"
					{parameters "ID=body;"}
					{Position 42.0354	-13	4.9124}
					{VolumeView "detail1.ply"}
				}
				{bone "enumerator1"
					{Matrix34
						-0.998811	-0.000492366	0.0487443
						0.00130294	-0.999999	-4.71887e-05
						0.0140347	3.5934e-05	0.999902
						-36.2704	-9.23916	-6.64213
					}
					{VolumeView "enumerator1.ply"}
				}
				{bone "fxstop1"
					{Matrix34
						-1	0	0
						0	-1	0
						0	0	1
						-36.3318	18.2992	-10.6751
					}
				}
				{bone "fxstop2"
					{Matrix34
						-1	0	0
						0	-1	0
						0	0	1
						-36.3318	-18.3368	-10.6751
					}
				}
				{bone "seat04"
					{Matrix34
						0	-0.99396	0.109744
						1	0	0
						0	0.109744	0.99396
						-0.319294	10.6274	-8.85798
					}
				}
				{bone "seat06"
					{Matrix34
						0	-0.99396	0.109744
						1	0	0
						0	0.109744	0.99396
						-16.8132	10.6274	-8.85798
					}
				}
				{bone "seat01"
					{Matrix34
						0	0.99396	0.109744
						-1	0	0
						0	-0.109744	0.99396
						13.5086	-10.3856	-8.85798
					}
				}
				{bone "seat02"
					{Matrix34
						0	-0.99396	0.109744
						1	0	0
						0	0.109744	0.99396
						14.1047	10.6274	-8.85798
					}
				}
				{bone "seat03"
					{Matrix34
						0	0.99396	0.109744
						-1	0	0
						0	-0.109744	0.99396
						-3.43954	-10.3856	-8.85798
					}
				}
				{bone "seat05"
					{Matrix34
						0	0.99396	0.109744
						-1	0	0
						0	-0.109744	0.99396
						-18.2864	-10.3856	-8.85798
					}
				}
			}
			{bone "cabin"
				{parameters "ID=cabin;"}
				{Position 38.7521	0.0442966	6.59439}
				{VolumeView "cabin.ply"}
				{bone "doorr"
					{parameters "ID=cabin;"}
					{Matrix34
						0.707107	0.707107	0
						-0.707107	0.707107	0
						0	0	1
						-3.63594	-17.1535	2.01477
					}
					{VolumeView "doorr.ply"}
				}
				{bone "doorl"
					{parameters "ID=cabin;"}
					{Position -3.8975	17.0659	2.01476}
					{VolumeView "doorl.ply"}
				}
				{bone "enumerator"
					{Matrix34
						0.998811	0.00049216	0.0487442
						-0.00130273	0.999999	-4.71887e-05
						-0.0140347	-3.59311e-05	0.999902
						31.8964	-9.55483	-12.3901
					}
					{VolumeView "enumerator.ply"}
				}
				{bone "fxlight"
					{Position 32.5287	0.586301	-9.5215}
				}
				{bone "headlightl"
					{Position 22.2801	16.9568	-4.96294}
				}
				{bone "headlightr"
					{Position 22.5941	-15.7809	-4.96294}
				}
				{bone "driver"
					{Matrix34
						0.997555	0	0.069884
						0	1	0
						-0.069884	0	0.997555
						-9.45361	8.20855	-9.81063
					}
				}
				{bone "seat00"
					{Position -10.1241	-5.99452	-9.24629}
				}
				{bone "visor1"
					{Position 0.281597	6.48799	9.71892}
				}
			}
			{bone "fxsmoke1"
				{Matrix34
					-0.875426	-0.258819	0.408218
					0.23457	-0.965926	-0.109382
					0.422618	0	0.906308
					-4.83537	14.1975	-2.79452
				}
			}
			{bone "fxsmoke2"
				{Matrix34
					-0.875426	-0.258819	0.408218
					0.23457	-0.965926	-0.109382
					0.422618	0	0.906308
					-4.83537	14.1975	-2.79452
				}
			}
			{bone "link2"
				{Matrix34
					-1	0	0
					0	0	1
					0	1	0
					-66.4836	0.123889	-5.99516
				}
			}
			{bone "body_systems"
				{Matrix34
					0.999932	0	-0.0116724
					0	1	0
					0.0116724	0	0.999932
					12.1767	1.39247	-11.1977
				}
			}
		}
		{bone "emit4"
			{Position -85.6681	-3.74475	0}
		}
		{bone "emit3"
			{Position -85.6681	7.80339	0}
		}
		{bone "emit2"
			{Matrix34
				0	-1	0
				1	0	0
				0	0	1
				25.6562	35.9149	0
			}
		}
		{bone "emit1"
			{Matrix34
				0	1	0
				-1	0	0
				0	0	1
				25.6562	-33.566	0
			}
		}
		{bone "pivot_front"
			{parameters "ID=body;"}
			{Matrix34
				0.999917	0	0.0129067
				0	1	0
				-0.0129067	0	0.999917
				45.83	-0.599591	11.1068
			}
			{bone revolute "steer_l1"
				{parameters "ID=body;"}
				{Matrix34
					1	0	0
					0	-1	0
					0	0	-1
					0.855316	16.2594	1.0433
				}
				{bone revolute "wheell1"
					{parameters "ID=wheelleft1;"}
					{Matrix34
						0.819084	0.573528	0.0129067
						-0.0105724	-0.00740309	0.999917
						0.573577	-0.819152	0
						-0.617374	-2.15022	0.516479
					}
					{VolumeView "wheell1.ply"}
				}
				{bone "fxtracel1"
					{Matrix34
						-0.999917	0	-0.0129068
						0	1	0
						0.0129068	0	-0.999917
						-10.9885	-2.73815	6.37953
					}
				}
			}
			{bone revolute "steer_r1"
				{parameters "ID=body;"}
				{Matrix34
					1	0	0
					0	-1	0
					0	0	-1
					0.544212	-16.7782	1.0433
				}
				{bone revolute "wheelr1"
					{parameters "ID=wheelright1;"}
					{Matrix34
						0.819084	0.573528	0.0129067
						-0.0105722	-0.00740338	0.999917
						0.573577	-0.819152	0
						-0.306286	0.717728	0.516489
					}
					{VolumeView "wheelr1.ply"}
				}
				{bone "fxtracer1"
					{Matrix34
						-0.999917	0	-0.0129068
						0	1	0
						0.0129068	0	-0.999917
						-10.6697	1.80071	5.7805
					}
				}
			}
		}
	}
}
{Volume "body"
	{Polyhedron "body.vol"}
	{Bone "body"}
}
{Volume "bodyback"
	{Polyhedron "bodyback.vol"}
	{Bone "bodyback"}
}
{Volume "cabin"
	{Polyhedron "cabin.vol"}
	{Bone "cabin"}
	{Position 0.000148773	-0.543182	7.43866e-05}
}
{Volume "detai1l"
	{Polyhedron "detai1l.vol"}
	{Bone "detail1"}
	{Position 3.71933e-05	-7.53403e-05	-0.000148773}
}
{Volume "shield"
	{Polyhedron "shield.vol"}
	{Bone "shield"}
}
{Volume "wheelleft1"
	{Polyhedron "wheelleft1.vol"}
	{Bone "wheell1"}
	{Position 0	-7.43866e-05	3.8147e-05}
}
{Volume "wheelleft2"
	{Polyhedron "wheelleft2.vol"}
	{Bone "wheell2"}
	{Position 0	0	3.91006e-05}
}
{Volume "wheelleft3"
	{Polyhedron "wheelleft3.vol"}
	{Bone "wheell3"}
	{Position 0	-7.62939e-05	3.62396e-05}
}
{Volume "wheelright1"
	{Polyhedron "wheelright1.vol"}
	{Bone "wheelr1"}
	{Position 0.000152588	-7.53403e-05	-3.71933e-05}
}
{Volume "wheelright2"
	{Polyhedron "wheelright2.vol"}
	{Bone "wheelr2"}
	{Position 0	7.53403e-05	-3.62396e-05}
}
{Volume "wheelright3"
	{Polyhedron "wheelright3.vol"}
	{Bone "wheelr3"}
	{Position 0.000148773	7.53403e-05	-3.8147e-05}
}
