;Exported by: Notebook
;Date:        Sat Apr 25 22:32:03 2020
;File:        C:\Users\Notebook\Google Диск\MOW\3ds max model\Constraction\City\Streetlight\Streetlight3.max
{Skeleton
	{bone "basis"
		{Orientation
			1	0	0
			0	-1	0
			0	0	1
		}
		{bone "body"
			{Matrix34
				0	1	0
				-1	0	0
				0	0	1
				0	0	-9.84252
			}
			{VolumeView "body.ply"}
			{bone "lamp_glass1"
				{Matrix34
					0	0	1
					0	-1	0
					1	0	0
					0	0	9.84252
				}
				{visibility 0}
				{VolumeView "lamp_glass1.ply"}
			}
			{bone "lamp_light_spot1"
				{Matrix34
					0	0	-1
					1	0	0
					0	-1	0
					6.10352e-005	46.116	198.813
				}
			}
			{bone "light_spot"
				{Matrix34
					0	0	-1
					1	0	0
					0	-1	0
					2.46874e-005	0	88.5827
				}
			}
			{bone "lamp_glass2"
				{Matrix34
					0	0	1
					-0.866025	0.5	0
					-0.5	-0.866025	0
					0	0	9.84252
				}
				{visibility 0}
				{VolumeView "lamp_glass2.ply"}
			}
			{bone "lamp_glass3"
				{Matrix34
					0	0	1
					0.866026	0.5	0
					-0.5	0.866026	0
					0	0	9.84252
				}
				{visibility 0}
				{VolumeView "lamp_glass3.ply"}
			}
			{bone "lamp_light_spot2"
				{Matrix34
					0	0	-1
					-0.5	-0.866026	0
					-0.866026	0.5	0
					39.9377	-23.058	198.813
				}
			}
			{bone "lamp_light_spot3"
				{Matrix34
					0	0	-1
					-0.5	0.866025	0
					0.866025	0.5	0
					-39.9376	-23.058	198.813
				}
			}
		}
	}
}
{Volume "body10"
	{Box 23.622 7.87402 3.93701}
	{Bone "body"}
	{Matrix34
		-0.859499	0.496232	-0.12254
		-0.5	-0.866025	0
		-0.106122	0.0612697	0.992464
		35.0089	-20.2124	200.707
	}
}
{Volume "body11"
	{Box 23.622 7.87402 3.93701}
	{Bone "body"}
	{Matrix34
		0.859499	0.496231	-0.12254
		-0.5	0.866026	0
		0.106123	0.0612697	0.992463
		-35.0088	-20.2124	200.707
	}
}
{Volume "body12"
	{Box 2.95276 2.95276 19.685}
	{Bone "body"}
	{Matrix34
		0.849356	0.490375	0.195261
		-0.5	0.866026	0
		-0.169101	-0.0976307	0.980751
		-1.66432	-0.960948	173.039
	}
}
{Volume "body13"
	{Box 2.95276 2.95276 9.84252}
	{Bone "body"}
	{Matrix34
		0.718167	0.414634	0.558852
		-0.5	0.866026	0
		-0.48398	-0.279426	0.829267
		-5.63885	-3.25565	186.034
	}
}
{Volume "body14"
	{Box 2.95276 2.95276 9.84252}
	{Bone "body"}
	{Matrix34
		0.426721	0.246367	0.870179
		-0.5	0.866026	0
		-0.753598	-0.43509	0.492735
		-11.4126	-6.58913	192.363
	}
}
{Volume "body15"
	{Box 2.95276 2.95276 13.7795}
	{Bone "body"}
	{Matrix34
		0.292077	0.16863	0.941411
		-0.499999	0.866026	0
		-0.815286	-0.470705	0.337262
		-20.6947	-11.9481	196.98
	}
}
{Volume "body1"
	{Box 2.95276 2.95276 19.685}
	{Bone "body"}
	{Matrix34
		0	-0.980751	0.195261
		1	0	0
		0	0.195261	0.980751
		4.00052e-005	1.9218	173.039
	}
}
{Volume "body2"
	{Box 2.95276 2.95276 9.84252}
	{Bone "body"}
	{Matrix34
		0	-0.829267	0.558852
		1	0	0
		0	0.558852	0.829267
		4.16569e-005	6.51118	186.034
	}
}
{Volume "body3"
	{Box 2.95276 2.95276 9.84252}
	{Bone "body"}
	{Matrix34
		0	-0.492735	0.870179
		1	0	0
		0	0.870179	0.492735
		4.40523e-005	13.1781	192.363
	}
}
{Volume "body4"
	{Box 2.95276 2.95276 13.7795}
	{Bone "body"}
	{Matrix34
		0	-0.337261	0.941411
		1	0	0
		0	0.941411	0.337261
		4.84035e-005	23.8962	196.98
	}
}
{Volume "body5"
	{Box 23.622 7.87402 3.93701}
	{Bone "body"}
	{Matrix34
		0	-0.992464	-0.12254
		1	0	0
		0	-0.12254	0.992464
		5.41901e-005	40.4247	200.707
	}
}
{Volume "body6"
	{Box 2.95276 2.95276 19.685}
	{Bone "body"}
	{Matrix34
		-0.849356	0.490375	0.195262
		-0.5	-0.866025	0
		0.169101	-0.0976308	0.980751
		1.6644	-0.960948	173.039
	}
}
{Volume "body7"
	{Box 2.95276 2.95276 9.84252}
	{Bone "body"}
	{Matrix34
		-0.718166	0.414634	0.558853
		-0.5	-0.866025	0
		0.48398	-0.279426	0.829267
		5.63893	-3.25565	186.034
	}
}
{Volume "body8"
	{Box 2.95276 2.95276 9.84252}
	{Bone "body"}
	{Matrix34
		-0.426722	0.246368	0.870179
		-0.500001	-0.866025	0
		0.753597	-0.43509	0.492736
		11.4127	-6.58913	192.363
	}
}
{Volume "body9"
	{Box 2.95276 2.95276 13.7795}
	{Bone "body"}
	{Matrix34
		-0.292077	0.168631	0.941411
		-0.5	-0.866025	0
		0.815286	-0.470706	0.337262
		20.6948	-11.9481	196.98
	}
}
{Volume "body"
	{Box 2.95276 2.95276 165.354}
	{Bone "body"}
	{Position 0	0	82.6772}
}
{Volume "lamp1"
	{Box 7.87402 7.87402 3.93701}
	{Bone "body"}
	{Matrix34
		0	-0.992464	-0.12254
		1	0	0
		0	-0.12254	0.992464
		5.80048e-005	46.0303	197.426
	}
}
{Volume "lamp2"
	{Box 7.87402 7.87402 3.93701}
	{Bone "body"}
	{Matrix34
		-0.859499	0.496232	-0.12254
		-0.5	-0.866025	0
		-0.106122	0.0612697	0.992464
		39.8635	-23.0152	197.426
	}
}
{Volume "lamp3"
	{Box 7.87402 7.87402 3.93701}
	{Bone "body"}
	{Matrix34
		0.859499	0.496231	-0.12254
		-0.5	0.866026	0
		0.106123	0.0612697	0.992463
		-39.8634	-23.0152	197.426
	}
}
