;Exported by: Notebook
;Date:        Sun Oct 27 20:15:18 2019
;File:        C:\Users\Notebook\Google Диск\MOW\3ds max model\Constraction\Industrial\PowerLine\x\PowerLine7_x.max
{Skeleton
	{bone "basis"
		{Orientation
			1	0	0
			0	-1	0
			0	0	1
		}
		{bone "base1"
			{Matrix34
				0.996579	0	-0.0826406
				0.00755468	0.995813	0.0911034
				0.0822946	-0.091416	0.992407
				0	-49.2126	0
			}
			{VolumeView "base1.ply"}
		}
		{bone "base2"
			{Matrix34
				-0.997809	0	-0.066162
				-0.00555277	-0.996472	0.0837452
				-0.0659286	0.0839291	0.994288
				0	49.2126	0
			}
			{VolumeView "base2.ply"}
		}
		{bone "piece3"
			{Matrix34
				1	0	0
				0	0	-1
				0	1	0
				19.685	0	236.22
			}
			{VolumeView "piece3.ply"}
		}
		{bone "piece4"
			{Matrix34
				1	0	0
				0	0.707107	-0.707107
				0	0.707107	0.707107
				-19.685	0	137.795
			}
			{VolumeView "piece4.ply"}
		}
		{bone "piece5"
			{Matrix34
				1	0	0
				0	0	-1
				0	1	0
				-39.3701	0	192.913
			}
			{VolumeView "piece5.ply"}
		}
		{bone "piece6"
			{Matrix34
				1	0	0
				0	0	-1
				0	1	0
				19.685	0	80.7087
			}
			{VolumeView "piece6.ply"}
		}
		{bone "piece1"
			{Position 29.5276	-44.5472	19.685}
			{VolumeView "piece1.ply"}
		}
		{bone "piece2"
			{Matrix34
				-1	0	0
				0	-1	0
				0	0	1
				-29.5276	44.5472	19.685
			}
			{VolumeView "piece2.ply"}
		}
		{bone "piece7"
			{Position 39.3701	78.7402	229.028}
			{VolumeView "piece7.ply"}
		}
		{bone "piece8"
			{Position 0	1.39391e-005	229.028}
			{VolumeView "piece8.ply"}
		}
		{bone "piece9"
			{Position -19.685	-78.7402	229.028}
			{VolumeView "piece9.ply"}
		}
	}
}
{Obstacle "base1"
	{Circle2
		{Radius 7.87402}
		{Center -5.76376e-008 49.2126}
	}
}
{Obstacle "base2"
	{Circle2
		{Radius 7.87402}
		{Center 2.11826e-008 -49.2126}
	}
}
{Volume "base1"
	{Box 5.11811 5.11811 68.8976}
	{Bone "base1"}
	{Position 0	0	24.6063}
}
{Volume "base2"
	{Box 5.11811 5.11811 68.8976}
	{Bone "base2"}
	{Position 0	0	24.6063}
}
{Volume "piece1"
	{Cylinder 2.95276 236.22}
	{Bone "piece1"}
	{Position 0	0	118.11}
}
{Volume "piece2"
	{Cylinder 2.95276 236.22}
	{Bone "piece2"}
	{Position 0	0	118.11}
}
{Volume "piece3"
	{Cylinder 2.75591 177.165}
	{Bone "piece3"}
	{Position 0	-3.05176e-005	0}
}
{Volume "piece4"
	{Cylinder 2.75591 137.795}
	{Bone "piece4"}
	{Position 0	0	0}
}
{Volume "piece5"
	{Cylinder 2.75591 98.4252}
	{Bone "piece5"}
	{Position 0	-3.05176e-005	0}
}
{Volume "piece6"
	{Cylinder 2.75591 98.4252}
	{Bone "piece6"}
	{Position 0	-3.05176e-005	0}
}
