;mdl file generated by soedit version next (v0.7m4)
;model created by: mockvu4
;date: tue oct 31 00:52:28 2023
;file: d:\!neu\model\!veh\cobra\cobra.max
;model create/rebuild by: mockbu4
;last build date: wednesday 31 october 2023 [01:04:23]
{skeleton
    {animation
        {sequence "start" {speed 0.9}}
        {sequence "stop"}
        {sequence "doorl" {speed 0.4}}
        {sequence "doorr" {speed 0.4}}
        {sequence "doorb" {speed 0.4}}
    }
    {bone "basis"
        {parameters "wheelradius=0.42;steermax=35;"}
        {orientation
            1	0	0
            0	-1	0
            0	0	1
        }
        {bone "body"
            {parameters "id=body;"}
            {position 0	0.012691	6.42735}
            {volumeview "body.ply"}
            {bone "detail"
                {parameters "id=body;"}
                {position 8.31969	-21.132	13.0493}
                {volumeview "detail.ply"}
            }
            {bone "doorb"
                {parameters "id=cabin;"}
                {position -47.3951	8.44528	18.6521}
                {volumeview "doorb.ply"}
            }
            {bone "glass"
                {parameters "id=glass;"}
                {position 9.80379	0.21615	26.0293}
                {volumeview "glass.ply"}
            }
            {bone "doorl"
                {parameters "id=cabin;"}
                {position -0.949979	18.6364	19.1273}
                {volumeview "doorl.ply"}
            }
            {bone "doorr"
                {parameters "id=cabin;"}
                {position -1.10852	-19.7395	19.1273}
                {volumeview "doorr.ply"}
            }
            {bone "solon"
                {position -12.3692	1.67108	19.9157}
                {volumeview "solon.ply"}
            }
            {bone "body_systems"
                {position 1.99298	4.31447	8.64116}
            }
            {bone "commander"
                {matrix34
                    0.987668	0	0.156563
                    0	1	0
                    -0.156563	0	0.987668
                    4.00359	-10.852	5.2986
                }
            }
            {bone "seat04"
                {matrix34
                    0	0.999742	0.0226974
                    -1	0	0
                    0	-0.0226974	0.999742
                    -37.7678	-9.86212	5.33379
                }
            }
            {bone "seat03"
                {matrix34
                    0	0.999742	0.0226974
                    -1	0	0
                    0	-0.0226974	0.999742
                    -24.8136	-9.86211	5.24359
                }
            }
            {bone "seat02"
                {matrix34
                    0	-0.999742	0.0226974
                    1	0	0
                    0	0.0226974	0.999742
                    -37.6847	7.98248	5.3031
                }
            }
            {bone "seat01"
                {matrix34
                    0	-0.999742	0.0226974
                    1	0	0
                    0	0.0226974	0.999742
                    -24.762	7.98241	5.1877
                }
            }
            {bone "fxstop2"
                {matrix34
                    -1	-3.13838e-05	3.39784e-05
                    3.13838e-05	-1	0
                    3.39784e-05	0	1
                    -48.2776	-13.1976	27.8214
                }
            }
            {bone "fxsmoke1"
                {matrix34
                    -0.470511	0.569463	0.674041
                    -0.737924	-0.672776	0.0532897
                    0.483825	-0.472318	0.736769
                    -45.4445	-16.699	-2.69835
                }
            }
            {bone "fxstop1"
                {matrix34
                    -1	-3.13838e-05	3.39784e-05
                    3.13838e-05	-1	0
                    3.39784e-05	0	1
                    -48.249	13.3781	27.6519
                }
            }
            {bone "fxlight"
                {matrix34
                    1	3.0472e-05	-3.33553e-05
                    -3.03473e-05	0.999993	0.00373138
                    3.34688e-05	-0.00373138	0.999993
                    51.7113	0.210503	14.803
                }
            }
            {bone "visor"
                {matrix34
                    1	0	0
                    0	0	1
                    0	-1	0
                    19.8821	6.65884	25.4206
                }
            }
            {bone "gunner"
                {matrix34
                    0.993605	-0.0356217	0.107142
                    0.0358279	0.999358	0
                    -0.107074	0.00383831	0.994243
                    -10.1602	-0.205642	4.94769
                }
            }
            {bone "link2"
                {matrix34
                    -1	0	0
                    0	-0.999637	0.026931
                    0	0.026931	0.999637
                    -50.185	1.37412	4.25466
                }
            }
            {bone "headlightr"
                {matrix34
                    1	3.0472e-05	-3.33553e-05
                    -3.03473e-05	0.999993	0.00373138
                    3.34688e-05	-0.00373138	0.999993
                    47.0523	-11.5669	14.5208
                }
            }
            {bone "headlightl"
                {matrix34
                    1	3.0472e-05	-3.33553e-05
                    -3.03473e-05	0.999993	0.00373138
                    3.34688e-05	-0.00373138	0.999993
                    47.1817	11.6452	14.4948
                }
            }
            {bone "fxsmoke2"
                {matrix34
                    -0.470511	0.569464	0.67404
                    -0.737925	-0.672776	0.0532898
                    0.483825	-0.472317	0.73677
                    -45.444	17.0539	-2.69858
                }
            }
            {bone "driver"
                {matrix34
                    0.959802	0	0.280678
                    0	1	0
                    -0.280678	0	0.959802
                    3.86728	9.0364	5.82129
                }
            }
            {bone revolute "turret"
                {parameters "id=turret;"}
                {matrix34
                    1	1.65315e-05	-1.81899e-05
                    0	1	0
                    0	0	1
                    2.67384	1.55949	30.5495
                }
                {volumeview "turret.ply"}
                {bone "visor1"
                    {matrix34
                        0.999359	-0.0358295	0
                        0	0	1
                        -0.0358295	-0.999357	0
                        6.35988	-6.00418	6.93885
                    }
                }
                {bone revolute "gun_rot2"
                    {limits 30 -15}
                    {matrix34
                        1	0	0
                        0	-0	1
                        0	-1	-0
                        -0.0700001	8.89	5.6
                    }
                    {bone "gun_rot"
                        {parameters "id=gun;"}
                        {matrix34
                            0	0	-1
                            -0	1	0
                            1	0	0
                            -3.42422	1.72454	5.595
                        }
                        {volumeview "gun_rot.ply"}
                        {bone "mgun"
                            {matrix34
                                0	0	1
                                0	1	0
                                -1	0	0
                                -3.13654	1.46447	-11.445
                            }
                        }
                    }
                }
            }
        }
        {bone "pivot_back"
            {parameters "id=body;"}
            {position -31.4802	-0.251503	9.43391}
            {volumeview "pivot_back.ply"}
            {bone revolute "wheell2"
                {parameters "id=wheelleft2;"}
                {matrix34
                    1	0	0
                    0	0	-1
                    0	1	0
                    3.11031	17.6092	-1.51248
                }
                {volumeview "wheell2.ply"}
                {bone "fxtracel2"
                    {matrix34
                        -0.965923	-0.258829	0
                        0	0	-1
                        0.258829	-0.965923	0
                        -11.9641	6.59624	0.0186844
                    }
                }
            }
            {bone revolute "wheelr2"
                {parameters "id=wheelright2;"}
                {matrix34
                    1	0	0
                    0	0	-1
                    0	1	0
                    3.11029	-16.7259	-1.52142
                }
                {volumeview "wheelr2.ply"}
                {bone "fxtracer2"
                    {matrix34
                        -0.965923	-0.258829	0
                        0	0	-1
                        0.258829	-0.965923	0
                        -11.9506	6.6019	0.14216
                    }
                }
            }
        }
        {bone "pivot_front"
            {parameters "id=body;"}
            {position 32.1468	-0.0554426	10.7811}
            {volumeview "pivot_front.ply"}
            {bone revolute "steer_r1"
                {parameters "id=body;"}
                {matrix34
                    1	0	0
                    0	-1	0
                    0	0	-1
                    -0.803839	-16.039	-5.13342
                }
                {bone revolute "wheelr1"
                    {parameters "id=wheelright1;"}
                    {matrix34
                        1	0	0
                        0	0	1
                        0	-1	0
                        1.40283	0.883083	-3.80574
                    }
                    {volumeview "wheelr1.ply"}
                    {bone "fxtracer1"
                        {matrix34
                            -1	0	0
                            0	1	0
                            0	0	-1
                            -0.238224	-0.000323296	0.1705
                        }
                    }
                }
            }
            {bone revolute "steer_l1"
                {parameters "id=body;"}
                {matrix34
                    1	0	0
                    0	-1	0
                    0	0	-1
                    -0.554792	14.3222	-1.07068
                }
                {bone revolute "wheell1"
                    {parameters "id=wheelleft1;"}
                    {matrix34
                        1	0	0
                        0	0	1
                        0	-1	0
                        1.15381	-3.09085	0.248011
                    }
                    {volumeview "wheell1.ply"}
                    {bone "fxtracel1"
                        {matrix34
                            -1	0	0
                            0	0	-1
                            0	-1	0
                            -11.597	7.15659	0.121721
                        }
                    }
                }
            }
        }
        {bone "emit3"
            {position -56.558	-1.90428	1.20976}
        }
        {bone "emit2"
            {matrix34
                0	1	0
                -1	0	0
                0	0	1
                -17.2319	-28.5229	0.79959
            }
        }
        {bone "emit1"
            {matrix34
                0	-1	0
                1	0	0
                0	0	1
                -17.2865	25.9395	0.73316
            }
        }
    }
}
{volume "ammo_storage_mgun"
    {box 5.35081 5.10048 4.88144}
    {bone "gun_rot"}
    {matrix34
        1	0	0
        0	1.00001	0
        0	0	0.611787
        2.15364	-0.0724136	1.04274
    }
}
{volume "body"
    {polyhedron "body.vol"}
    {bone "body"}
    {matrix34
        1	0	0
        0	0	1
        0	-1	0
        34.9236	20.8984	11.2878
    }
}
{volume "detail"
    {cylinder 10.0479 6.80497}
    {bone "detail"}
    {matrix34
        0.93705	0	0
        0	0.320455	-0.880505
        0	0.880572	0.320528
        -0.385077	-0.380987	0.140977
    }
}
{volume "driver_panel"
    {polyhedron "driver_panel.vol"}
    {bone "body_systems"}
    {matrix34
        0.984808	0	-0.173648
        0	1	0
        0.173649	0	0.984808
        5.00667	1.37305	10.6455
    }
}
{volume "engine"
    {polyhedron "engine.vol"}
    {bone "body_systems"}
    {position 30.0728	-2.82822	3.27287}
}
{volume "front_wheels"
    {box 3.44626 65.9398 3.44626}
    {bone "body_systems"}
    {matrix34
        0	-1	0
        0.900393	0	0
        0	0	1
        -2.47181	-5.23725	-4.90453
    }
}
{volume "fuel_tank_internal_a"
    {polyhedron "fuel_tank_internal_a.vol"}
    {bone "body_systems"}
    {position -8.75343	-12.5499	-3.28587}
}
{volume "mgun"
    {box 15.3439 1.47721 7.57665}
    {bone "mgun"}
    {matrix34
        1.2973	0	0
        0	0	-1
        0	0.224275	0
        8.08391	0.846389	-0.485593
    }
}
{volume "mrap"
    {box 147.341 55.6678 1.53214}
    {bone "body"}
    {matrix34
        0.606713	0	0
        0	0.796309	0
        0	0	1
        0.475905	-1.63253	-1.64123
    }
}
{volume "panel_engine_connectors"
    {polyhedron "panel_engine_connectors.vol"}
    {bone "body_systems"}
    {position 2.45669	-4.07446	0.925507}
}
{volume "ppu"
    {box 6.89252 7.65748 4.75584}
    {bone "body_systems"}
    {matrix34
        0	-1	0
        1	0	0
        0	0	1
        20.8653	-17.2068	9.23414
    }
}
{volume "transmission"
    {polyhedron "transmission.vol"}
    {bone "body_systems"}
    {position 13.4294	2.59278	1.84299}
}
{volume "turret"
    {polyhedron "turret.vol"}
    {bone "turret"}
    {matrix34
        0	1	0
        0	0	1
        1	0	0
        -4.16824	-6.26674	7.75757
    }
}
{volume "wheelleft1"
    {cylinder 9.42172 6.37632}
    {bone "wheell1"}
}
{volume "wheelleft2"
    {cylinder 9.42172 6.37632}
    {bone "wheell2"}
}
{volume "wheelright1"
    {cylinder 10.0479 6.80497}
    {bone "wheelr1"}
    {matrix34
        0.93705	0	0
        0	0.937014	0
        0	0	0.937086
        0	0	0.000242949
    }
}
{volume "wheelright2"
    {cylinder 9.42172 6.37631}
    {bone "wheelr2"}
}
