;Exported by: Vorabat
;Date:        Thu Feb 10 11:46:58 2011
;File:        C:\Users\Vorabat\Documents\3dsmax\scenes\bench_new_1.max
{Skeleton
	{bone "body"
		{Orientation
			1	0	0
			0	-1	0
			0	0	1
		}
		{VolumeView "body.ply"}
	}
}
{Volume "box01"
	{Box 34.5565 1.08525 1.48507}
	{Bone "body"}
	{Position 0.0375471	-5.54906	8.69304}
}
{Volume "box02"
	{Box 34.5565 1.08525 1.48507}
	{Bone "body"}
	{Position 0.0375475	3.82433	8.47294}
}
{Volume "box03"
	{Box 1.08525 9.25314 0.685418}
	{Bone "body"}
	{Position -16.9265	-0.956273	8.43523}
}
{Volume "box04"
	{Box 1.08525 9.25314 0.685418}
	{Bone "body"}
	{Position 16.9601	-0.956273	8.43523}
}
{Volume "box05"
	{Box 35.1277 0.799654 0.971009}
	{Bone "body"}
	{Position 0.151783	7.15973	19.0387}
}
{Volume "box06"
	{Box 1.08525 8.1679 0.685418}
	{Bone "body"}
	{Position -16.9837	0.448347	12.7816}
}
{Volume "box07"
	{Box 1.08525 8.1679 0.685418}
	{Bone "body"}
	{Position 16.9805	0.448347	12.7816}
}
{Volume "box08"
	{Box 0.913891 5.71182 0.514064}
	{Bone "body"}
	{Matrix34
		1	0	0
		0	0.562258	0.826962
		0	-0.826962	0.562258
		-17.0693	-4.32119	10.8266
	}
}
{Volume "box09"
	{Box 0.913891 5.71182 0.514064}
	{Bone "body"}
	{Matrix34
		1	0	0
		0	0.562258	0.826962
		0	-0.826962	0.562258
		16.939	-4.32119	10.8266
	}
}
{Volume "box10"
	{Box 1.48507 1.31372 8.28213}
	{Bone "body"}
	{Matrix34
		1	0	0
		0	0.990022	-0.140911
		0	0.140911	0.990022
		-16.6483	-6.26651	4.09975
	}
}
{Volume "box11"
	{Box 1.48507 1.31372 8.28213}
	{Bone "body"}
	{Matrix34
		1	0	0
		0	0.990022	-0.140911
		0	0.140911	0.990022
		16.8221	-6.26651	4.09975
	}
}
{Volume "box12"
	{Box 1.48507 1.31372 8.28213}
	{Bone "body"}
	{Matrix34
		1	0	0
		0	0.936913	-0.370425
		0	0.386256	1.26187
		-16.6483	5.47519	14.2156
	}
}
{Volume "box13"
	{Box 1.48507 1.31372 8.28213}
	{Bone "body"}
	{Matrix34
		1	0	0
		0	0.936913	-0.370425
		0	0.386256	1.26187
		17.0377	5.47519	14.2156
	}
}
{Volume "box14"
	{Box 1.48507 1.31372 8.28213}
	{Bone "body"}
	{Matrix34
		1	0	0
		0	0.984843	0.17345
		0	-0.17345	0.984843
		16.8221	4.24196	4.09975
	}
}
{Volume "box15"
	{Box 1.48507 1.31372 8.28213}
	{Bone "body"}
	{Matrix34
		1	0	0
		0	0.984843	0.17345
		0	-0.17345	0.984843
		-16.6483	4.24196	4.09975
	}
}
