;Exported by: vlss
;Date:        Sat Apr 30 21:06:39 2016
;File:        bmpt-72.obj
{Skeleton
	{animation
		{sequence "start"}
		{sequence "stop"}
		{sequence "hit"}
		{sequence "open" {resume}}
		{sequence "open_driver" {resume}}
		{sequence "fire00" {speed 2}}
		{sequence "fire01" {speed 2}}
	}
	{bone "basis"
		{parameters "Wheelradius=0.4;"}
		{Orientation
			1	0	0
			0	-1	0
			0	0	1
		}
		{bone "body"
			{parameters "ID=body;"}
			{animation
				{sequence "repair" {file "body_r.anm"}}
			}
			{Position 1.70153	-2.57491	13.0004}
			{VolumeView "body.ply"}
			{bone revolute "turret"
				{parameters "ID=turret;"}
				{animation
					{sequence "repair" {file "turret_r.anm"}}
				}
				{speed 0.01}
				{Position -6.40187	2.23148	14.8644}
				{VolumeView "turret.ply"}
				{bone "visor1"
					{Matrix34
						1	0	0
						0	1	0
						0	0	1
						3.19913	13.9344	14.8851
					}
				}
				{bone revolute "gun_rot"
					{parameters "ID=mantlet;"}
					{animation
						{sequence "repair" {file "gun_r.anm"}}
					}
					{limits -15 10}
					{speed 0.01}
					{Matrix34
						1	0	0
						0	0	-1
						0	1	0
						-17.8715	-0.363907	19.9058
					}
					{VolumeView "gun_rot.ply"}
					{bone "gun00"
						{parameters "ID=gun;"}
						{Matrix34
							-1	0	0
							0	0	-1
							0	-1	0
							25.6178	-0.37328	0.242061
						}
						{VolumeView "gun00.ply"}
						{bone "shooter00"
							{Matrix34
								-1	0	0
								0	0	1
								0	1	0
								-31.0056	-3.00853	0.0266228
							}
						}
						{bone "barrel00"
							{Matrix34
								-1	0	0
								0	0	1
								0	1	0
								-31.2365	-3.00853	0.0266228
							}
						}
					}
					{bone "gun01"
						{parameters "ID=gun;"}
						{Matrix34
							-1	0	0
							0	0	-1
							0	-1	0
							25.6178	-0.37328	0.242061
						}
						{VolumeView "gun01.ply"}
						{bone "foresight1"
							{Matrix34
								-1	0	0
								0	0	1
								0	1	0
								-31.0056	3.05832	0.0266075
							}
						}
						{bone "barrel01"
							{Matrix34
								-1	0	0
								0	0	1
								0	1	0
								-31.2365	3.0539	0.0266075
							}
						}
					}
					{bone "fxshell2"
						{Matrix34
							-0.5	-0.866025	0
							0	0	1
							-0.866026	0.5	0
							1.01192	-3.85971	-3.39526
						}
					}
					{bone "fxshell1"
						{Matrix34
							-0.5	-0.866025	0
							0	0	1
							-0.866025	0.5	0
							1.00784	-3.85973	3.64771
						}
					}
					{bone prizmatic "foresight1"
						{Matrix34
							1	0	0
							0	-1	0
							0	0	-1
							59.2249	-0.399899	0.582245
						}
					}
				}
				{bone revolute "foresight6"
					{limits -20 10}
					{speed 0.03}
					{Matrix34
						0.913935	-0.0726791	0.3993
						-0.39668	0.0481062	0.916696
						-0.0858333	-0.996195	0.0151356
						-0.534027	-19.8755	7.94128
					}
				}
				{bone revolute "foresight5"
					{limits -20 10}
					{speed 0.03}
					{Matrix34
						0.913935	0.0726768	0.3993
						-0.39668	-0.0481023	0.916696
						0.0858297	-0.996195	-0.015133
						1.92734	19.348	10.1788
					}
				}
				{bone "fxfire2"
					{Matrix34
						0	0	1
						0	-1	0
						1	0	0
						-13.6237	-12.4245	12.2717
					}
				}
				{bone "shooter_l00"
					{Matrix34
						0.966465	-0.130475	0.221181
						-0.218922	0.031595	0.975231
						-0.134231	-0.990948	0.00197173
						6.70759	18.1571	7.3943
					}
				}
				{bone "shooter_l01"
					{Matrix34
						0.966465	-0.130475	0.221181
						-0.218922	0.031595	0.975231
						-0.134231	-0.990948	0.00197173
						6.70759	19.8405	7.3943
					}
				}
				{bone "shooter_l02"
					{Matrix34
						0.954792	0.175627	0.23985
						-0.23708	-0.0369057	0.970789
						0.179348	-0.983765	0.00640027
						-1.29107	17.5213	7.82527
					}
				}
				{bone "shooter_l03"
					{Matrix34
						0.930036	0.252517	0.266961
						-0.258496	-0.066768	0.963702
						0.261176	-0.965286	0.00317813
						-1.29107	19.2331	7.91594
					}
				}
				{bone "shooter_l04"
					{Matrix34
						0.907547	0.309584	0.283754
						-0.265995	-0.0990995	0.958867
						0.32497	-0.945694	-0.0075896
						-1.29107	21.1254	8.13334
					}
				}
				{bone "shooter_l05"
					{Matrix34
						0.803226	0.550979	0.226383
						-0.220695	-0.0777353	0.97224
						0.553282	-0.83089	0.0591596
						-11.711	16.8834	8.95701
					}
				}
				{bone "shooter_r00"
					{Matrix34
						0.966465	0.130475	0.221182
						-0.218922	-0.0315957	0.975231
						-0.134232	0.990948	0.00197218
						6.7076	-18.399	7.39429
					}
				}
				{bone "shooter_r01"
					{Matrix34
						0.966465	0.130475	0.221182
						-0.218922	-0.0315957	0.975231
						-0.134232	0.990948	0.00197218
						6.70761	-20.0824	7.39429
					}
				}
				{bone "shooter_r03"
					{Matrix34
						0.954792	-0.175626	0.239849
						-0.23708	0.0369051	0.970789
						0.179348	0.983765	0.00640074
						-1.29105	-17.7631	7.82526
					}
				}
				{bone "shooter_r02"
					{Matrix34
						0.930036	-0.252517	0.266961
						-0.258497	0.0667674	0.963702
						0.261175	0.965286	0.00317856
						-1.29105	-19.475	7.91593
					}
				}
				{bone "shooter_r04"
					{Matrix34
						0.907547	-0.309584	0.283754
						-0.265995	0.0990988	0.958867
						0.32497	0.945694	-0.00758911
						-1.29105	-21.3672	8.13333
					}
				}
				{bone "shooter_r05"
					{Matrix34
						0.803226	-0.550979	0.226383
						-0.220696	0.0777347	0.97224
						0.553282	0.830891	0.05916
						-11.711	-17.1253	8.957
					}
				}
				{bone "open"
					{parameters "ID=turret;"}
					{animation
						{sequence "repair" {file "turret_r.anm"}}
					}
					{Position -2.73727	-8.34056	8.87086}
					{VolumeView "open.ply"}
				}
				{bone revolute "rgun02"
					{parameters "ID=rgun02;"}
					{animation
						{sequence "repair" {file "rgun02_r.anm"}}
					}
					{limits -25 50}
					{speed 0.01}
					{Matrix34
						1	0	0
						0	0	-1
						0	1	0
						-13.1441	-19.7398	21.0643
					}
					{VolumeView "rgun02.ply"}
					{bone prizmatic "foresight4"
						{Matrix34
							1	0	0
							0	-1	0
							0	0	-1
							22.0312	-1.2966	-0.557697
						}
					}
					{bone prizmatic "shooter_rr00"
						{Matrix34
							1	0	0
							0	-1	0
							0	0	-1
							19.0221	-1.2966	1.4852
						}
					}
					{bone prizmatic "shooter_rr01"
						{Matrix34
							1	0	0
							0	-1	0
							0	0	-1
							19.0221	-0.735359	-2.38816
						}
					}
				}
				{bone revolute "rgun01"
					{parameters "ID=rgun01;"}
					{animation
						{sequence "repair" {file "rgun01_r.anm"}}
					}
					{limits -25 50}
					{speed 0.01}
					{Matrix34
						1	0	0
						0	0	-1
						0	1	0
						-13.1441	19.5054	21.0643
					}
					{VolumeView "rgun01.ply"}
					{bone prizmatic "shooter_ll00"
						{Matrix34
							1	0	0
							0	-1	0
							0	0	-1
							19.0221	-1.25065	-1.37152
						}
					}
					{bone prizmatic "shooter_ll01"
						{Matrix34
							1	0	0
							0	-1	0
							0	0	-1
							19.0221	-0.759991	2.46951
						}
					}
					{bone prizmatic "foresight3"
						{Matrix34
							1	0	0
							0	-1	0
							0	0	-1
							22.0312	-1.29662	0.33469
						}
					}
				}
			}
			{bone "visor2"
				{Position 29.8797	2.02887	13.7986}
			}
			{bone "fxfire1"
				{Matrix34
					0	0	1
					0	-1	0
					1	0	0
					23.4883	1.6121	15.5153
				}
			}
			{bone "fxsmoke1"
				{Matrix34
					-0.0520528	0.964286	-0.259698
					-0.99837	-0.0441475	0.0361845
					0.0234273	0.261158	0.965012
					-38.9202	33.2132	13.0186
				}
			}
			{bone "fxsmoke2"
				{Matrix34
					-0.0520528	0.964286	-0.259698
					-0.99837	-0.0441475	0.0361845
					0.0234273	0.261158	0.965012
					-40.9879	32.3628	12.2539
				}
			}
			{bone "headlightr"
				{Position 47.6776	-12.2741	7.92361}
			}
			{bone "engine"
				{parameters "ID=engine;"}
				{animation
					{sequence "repair" {file "engine_r.anm"}}
				}
				{Position -43.1451	2.92113	13.8641}
				{VolumeView "engine.ply"}
			}
			{bone "headlightl"
				{Position 47.6776	16.0506	7.92362}
			}
			{bone "fxfire3"
				{Matrix34
					0	0	1
					0	-1	0
					1	0	0
					-46.7943	-5.43959	15.2522
				}
			}
			{bone revolute "wheell00"
				{parameters "ID=trackleft;"}
				{Matrix34
					-1	0	0
					0	0	1
					0	1	0
					52.0705	29.5367	3.48248
				}
				{VolumeView "wheell00.ply"}
			}
			{bone revolute "wheell07"
				{parameters "ID=trackleft;"}
				{Matrix34
					-1	0	0
					0	0	1
					0	1	0
					-56.1622	27.8256	2.46264
				}
				{VolumeView "wheell07.ply"}
			}
			{bone revolute "wheell08"
				{parameters "ID=trackleft;"}
				{Matrix34
					-1	0	0
					0	0	1
					0	1	0
					26.9316	27.6336	7.33434
				}
				{VolumeView "wheell08.ply"}
			}
			{bone revolute "wheell09"
				{parameters "ID=trackleft;"}
				{Matrix34
					-1	0	0
					0	0	1
					0	1	0
					-4.92467	27.6337	7.33428
				}
				{VolumeView "wheell09.ply"}
			}
			{bone revolute "wheell10"
				{parameters "ID=trackleft;"}
				{Matrix34
					-1	0	0
					0	0	1
					0	1	0
					-36.9616	27.6337	7.33436
				}
				{VolumeView "wheell10.ply"}
			}
			{bone revolute "wheelr00"
				{parameters "ID=trackright;"}
				{Matrix34
					-1	0	0
					0	0	1
					0	1	0
					52.0703	-25.3082	3.48247
				}
				{VolumeView "wheelr00.ply"}
			}
			{bone revolute "wheelr07"
				{parameters "ID=trackright;"}
				{Matrix34
					-1	0	0
					0	0	1
					0	1	0
					-56.0164	-23.597	2.4623
				}
				{VolumeView "wheelr07.ply"}
			}
			{bone revolute "wheelr08"
				{parameters "ID=trackright;"}
				{Matrix34
					-1	0	0
					0	0	1
					0	1	0
					26.9315	-23.4052	7.33433
				}
				{VolumeView "wheelr08.ply"}
			}
			{bone revolute "wheelr09"
				{parameters "ID=trackright;"}
				{Matrix34
					-1	0	0
					0	0	1
					0	1	0
					-4.92468	-23.4051	7.33434
				}
				{VolumeView "wheelr09.ply"}
			}
			{bone revolute "wheelr10"
				{parameters "ID=trackright;"}
				{Matrix34
					-1	0	0
					0	0	1
					0	1	0
					-36.9615	-23.4051	7.33427
				}
				{VolumeView "wheelr10.ply"}
			}
			{bone "era00"
				{parameters "ID=era00;"}
				{Position 47.8248	10.4344	6.15427}
				{VolumeView "era00.ply"}
			}
			{bone "era01"
				{parameters "ID=era01;"}
				{Position 47.887	-6.48729	6.18756}
				{VolumeView "era01.ply"}
			}
			{bone "era02"
				{parameters "ID=era02;"}
				{Position 36.6462	10.2064	10.1175}
				{VolumeView "era02.ply"}
			}
			{bone "era03"
				{parameters "ID=era03;"}
				{Position 36.6446	-6.70185	10.1213}
				{VolumeView "era03.ply"}
			}
			{bone "shieldl1"
				{parameters "ID=shieldL1;"}
				{Position 5.77175	25.253	17.5647}
				{VolumeView "shieldl1.ply"}
			}
			{bone "shieldl2"
				{parameters "ID=shieldL2;"}
				{Position -7.01889	27.2866	17.3404}
				{VolumeView "shieldl2.ply"}
			}
			{bone "shieldl3"
				{parameters "ID=shieldL3;"}
				{Position -18.9445	24.469	17.3176}
				{VolumeView "shieldl3.ply"}
			}
			{bone "shieldr1"
				{parameters "ID=shieldR1;"}
				{Position 5.33594	-21.1038	17.6803}
				{VolumeView "shieldr1.ply"}
			}
			{bone "shieldr2"
				{parameters "ID=shieldR2;"}
				{Position -7.12793	-23.15	17.6714}
				{VolumeView "shieldr2.ply"}
			}
			{bone "shieldr3"
				{parameters "ID=shieldR3;"}
				{Position -19.0801	-20.2841	17.6534}
				{VolumeView "shieldr3.ply"}
			}
			{bone "body1"
				{parameters "ID=body;"}
				{Position -8.40036	2.12361	17.1233}
				{VolumeView "body1.ply"}
			}
			{bone "body2"
				{parameters "ID=body;"}
				{Matrix34
					0	-1	0
					0	0	-1
					1	0	0
					-1.70305	2.11427	-13.2995
				}
				{VolumeView "body2.ply"}
			}
			{bone "shieldl4"
				{parameters "ID=shieldL4;"}
				{Position 36.2336	35.3392	4.74743}
				{VolumeView "shieldl4.ply"}
			}
			{bone "shieldl5"
				{parameters "ID=shieldL5;"}
				{Position 10.4536	35.3392	4.74379}
				{VolumeView "shieldl5.ply"}
			}
			{bone "shieldl6"
				{parameters "ID=shieldL6;"}
				{Position -14.6556	35.3205	4.7434}
				{VolumeView "shieldl6.ply"}
			}
			{bone "shieldr4"
				{parameters "ID=shieldR4;"}
				{Position 36.2589	-31.1948	4.73499}
				{VolumeView "shieldr4.ply"}
			}
			{bone "shieldr5"
				{parameters "ID=shieldR5;"}
				{Position 10.4536	-31.1947	4.73498}
				{VolumeView "shieldr5.ply"}
			}
			{bone "shieldr6"
				{parameters "ID=shieldR6;"}
				{Position -14.6556	-31.1761	4.73498}
				{VolumeView "shieldr6.ply"}
			}
			{bone "opem"
				{parameters "ID=body;"}
				{animation
					{sequence "repair" {file "body_r.anm"}}
				}
				{Position 24.0464	-4.71453	15.0029}
				{VolumeView "opem.ply"}
			}
		}
		{bone "emit2"
			{Matrix34
				0	1	0
				-1	0	0
				0	0	1
				-8.25526	-46.9041	0
			}
			{visibility 0}
		}
		{bone "emit0"
			{Matrix34
				-1	0	0
				0	-1	0
				0	0	1
				66.661	-6.34612	-5.51599
			}
		}
		{bone "emit1"
			{Matrix34
				0	-1	0
				1	0	0
				0	0	1
				-11.293	50.0638	0
			}
			{visibility 0}
		}
		{bone "wheelsr"
			{parameters "ID=trackright;"}
			{Position 1.72873	-21.9331	9.22354}
			{VolumeView "wheelsr.ply"}
			{bone "trackr"
				{parameters "ID=trackright;"}
				{Position -0.36922	-3.80129	1.64145}
				{VolumeView "trackr.ply"}
			}
			{bone "fxtracer1"
				{Position 16.8942	-6.05721	-8.30447}
			}
			{bone "fxtracer2"
				{Position -32.6091	-6.18436	-7.90466}
			}
			{bone "fxtracer3"
				{Position -43.6395	-5.69095	-6.25041}
			}
			{bone revolute "wheell01"
				{parameters "ID=trackleft;"}
				{Matrix34
					-1	0	0
					0	0	1
					0	1	0
					39.5861	48.8013	-0.943052
				}
				{VolumeView "wheell01.ply"}
			}
			{bone revolute "wheell02"
				{parameters "ID=trackleft;"}
				{Matrix34
					-1	0	0
					0	0	1
					0	1	0
					23.3992	48.8012	-0.943052
				}
				{VolumeView "wheell02.ply"}
			}
			{bone revolute "wheell03"
				{parameters "ID=trackleft;"}
				{Matrix34
					-1	0	0
					0	0	1
					0	1	0
					7.10183	48.8012	-0.943089
				}
				{VolumeView "wheell03.ply"}
			}
			{bone revolute "wheell04"
				{parameters "ID=trackleft;"}
				{Matrix34
					-1	0	0
					0	0	1
					0	1	0
					-9.17821	48.8012	-0.943126
				}
				{VolumeView "wheell04.ply"}
			}
			{bone revolute "wheell05"
				{parameters "ID=trackleft;"}
				{Matrix34
					-1	0	0
					0	0	1
					0	1	0
					-25.4727	48.8013	-0.943089
				}
				{VolumeView "wheell05.ply"}
			}
			{bone revolute "wheell06"
				{parameters "ID=trackleft;"}
				{Matrix34
					-1	0	0
					0	0	1
					0	1	0
					-41.5548	48.8012	-0.943089
				}
				{VolumeView "wheell06.ply"}
			}
		}
		{bone "wheelsl"
			{parameters "ID=trackleft;"}
			{Position 0.250103	22.8878	8.59518}
			{VolumeView "wheelsl.ply"}
			{bone "trackl"
				{parameters "ID=trackleft;"}
				{Position 1.1091	3.71515	2.26433}
				{VolumeView "trackl.ply"}
			}
			{bone "fxtracel1"
				{Position 18.3728	3.92052	-8.2353}
			}
			{bone "fxtracel2"
				{Position -31.1305	3.92045	-7.8355}
			}
			{bone "fxtracel3"
				{Position -42.1609	4.41386	-6.18125}
			}
			{bone revolute "wheelr01"
				{parameters "ID=trackright;"}
				{Matrix34
					-1	0	0
					0	0	1
					0	1	0
					39.6438	-50.6772	-0.314677
				}
				{VolumeView "wheelr01.ply"}
			}
			{bone revolute "wheelr02"
				{parameters "ID=trackright;"}
				{Matrix34
					-1	0	0
					0	0	1
					0	1	0
					23.4569	-50.6772	-0.314751
				}
				{VolumeView "wheelr02.ply"}
			}
			{bone revolute "wheelr03"
				{parameters "ID=trackright;"}
				{Matrix34
					-1	0	0
					0	0	1
					0	1	0
					7.15948	-50.6772	-0.314714
				}
				{VolumeView "wheelr03.ply"}
			}
			{bone revolute "wheelr04"
				{parameters "ID=trackright;"}
				{Matrix34
					-1	0	0
					0	0	1
					0	1	0
					-9.12048	-50.6772	-0.314714
				}
				{VolumeView "wheelr04.ply"}
			}
			{bone revolute "wheelr05"
				{parameters "ID=trackright;"}
				{Matrix34
					-1	0	0
					0	0	1
					0	1	0
					-25.4151	-50.6772	-0.314751
				}
				{VolumeView "wheelr05.ply"}
			}
			{bone revolute "wheelr06"
				{parameters "ID=trackright;"}
				{Matrix34
					-1	0	0
					0	0	1
					0	1	0
					-41.4971	-50.6773	-0.314713
				}
				{VolumeView "wheelr06.ply"}
			}
		}
	}
}
{Volume "body1"
	{Polyhedron "body1.vol"}
	{Bone "body"}
	{Position -6.93669	3.36418	-5.10442}
}
{Volume "body"
	{Polyhedron "body.vol"}
	{Bone "body"}
	{Position -6.21684	3.36418	5.85609}
}
{Volume "crew"
	{Polyhedron "crew.vol"}
	{Bone "body"}
	{Position -6.48907	0.978229	-7.0124}
}
{Volume "engine"
	{Box 30.1042 37.7843 19.1011}
	{Bone "engine"}
	{Position -4.3146	1.17605	-5.47672}
}
{Volume "era00"
	{Polyhedron "era00.vol"}
	{Bone "era00"}
	{Position 0	0	0}
}
{Volume "era01"
	{Polyhedron "era01.vol"}
	{Bone "era01"}
	{Position 0	0	0}
}
{Volume "era02"
	{Polyhedron "era02.vol"}
	{Bone "era02"}
	{Position 0	0	0}
}
{Volume "era03"
	{Polyhedron "era03.vol"}
	{Bone "era03"}
	{Position 0	0	0}
}
{Volume "gun"
	{Box 53.8606 8.51764 1.79904}
	{Bone "gun_rot"}
	{Matrix34
		1	0	0
		0	0	1
		0	-1	0
		30.8776	-0.688653	0.606851
	}
}
{Volume "inventory"
	{Box 14.6266 28.3106 15.6401}
	{Bone "body"}
	{Position -2.02016	6.14109	9.7786}
}
{Volume "rgun01"
	{Polyhedron "rgun01.vol"}
	{Bone "rgun01"}
	{Position 0	0	0}
}
{Volume "rgun02"
	{Polyhedron "rgun02.vol"}
	{Bone "rgun02"}
	{Position 0	0	0}
}
{Volume "shieldl1"
	{Polyhedron "shieldl1.vol"}
	{Bone "shieldl1"}
	{Position 0	0	0}
}
{Volume "shieldl2"
	{Polyhedron "shieldl2.vol"}
	{Bone "shieldl2"}
	{Position 0	0	0}
}
{Volume "shieldl3"
	{Polyhedron "shieldl3.vol"}
	{Bone "shieldl3"}
	{Position 0	0	0}
}
{Volume "shieldl4"
	{Box 2.74619 25.4921 19.4019}
	{Bone "shieldl4"}
	{Matrix34
		0	-1	0
		1	0	0
		0	0	1
		-0.0131454	0	0
	}
}
{Volume "shieldl5"
	{Box 2.74619 26.2992 19.3946}
	{Bone "shieldl5"}
	{Matrix34
		0	-1	0
		1	0	0
		0	0	1
		0.000705719	0	0
	}
}
{Volume "shieldl6"
	{Box 2.70882 25.5118 19.3939}
	{Bone "shieldl6"}
	{Matrix34
		0	-1	0
		1	0	0
		0	0	1
		-0.00152493	0	0
	}
}
{Volume "shieldr1"
	{Polyhedron "shieldr1.vol"}
	{Bone "shieldr1"}
	{Position 0	0	0}
}
{Volume "shieldr2"
	{Polyhedron "shieldr2.vol"}
	{Bone "shieldr2"}
	{Position 0	0	0}
}
{Volume "shieldr3"
	{Polyhedron "shieldr3.vol"}
	{Bone "shieldr3"}
	{Position 0	0	0}
}
{Volume "shieldr4"
	{Box 2.74619 25.4921 19.4019}
	{Bone "shieldr4"}
	{Matrix34
		0	-1	0
		1	0	0
		0	0	1
		-0.0385056	-0.319794	0.0124235
	}
}
{Volume "shieldr5"
	{Box 2.74619 26.2992 19.3946}
	{Bone "shieldr5"}
	{Matrix34
		0	-1	0
		1	0	0
		0	0	1
		0.000714302	-0.319801	0.00879478
	}
}
{Volume "shieldr6"
	{Box 2.70882 25.5118 19.3939}
	{Bone "shieldr6"}
	{Matrix34
		0	-1	0
		1	0	0
		0	0	1
		-0.0015173	-0.357162	0.00840855
	}
}
{Volume "trackleft"
	{Polyhedron "trackleft.vol"}
	{Bone "wheelsl"}
	{Position -2.62683	-22.233	-8.80215}
}
{Volume "trackright"
	{Polyhedron "trackright.vol"}
	{Bone "wheelsr"}
	{Position -4.10534	20.2938	-9.43039}
}
{Volume "turret"
	{Polyhedron "turret.vol"}
	{Bone "turret"}
	{Position -19.8983	0.0374755	2.10111}
}
