;Exported by: Alexey
;Date:        Thu Sep 04 21:09:07 2008
;File:        D:\Program Files\Autodesk\3dsMax8\scenes\mi-24_2.max
{Skeleton
	{bone "basis"
		{Orientation
			1	0	0
			0	-1	0
			0	0	1
		}
		{bone "body"
			{Position 0.905134	24.0656	57.3264}
			{VolumeView "body.ply"}
		}
	}
}
{Volume "body1"
	{Polyhedron "body1.vol"}
	{Bone "body"}
	{Matrix34
		0.339124	-0.921829	-0.187688
		-0.225707	-0.273411	0.935042
		-0.913264	-0.274733	-0.300783
		0.942356	-2.90786	-1.02028
	}
}
{Volume "body2"
	{Polyhedron "body2.vol"}
	{Bone "body"}
	{Matrix34
		0.339124	-0.921829	-0.187688
		-0.225707	-0.273411	0.935042
		-0.913264	-0.274733	-0.300783
		-0.505099	1.02669	-0.219189
	}
}
{Volume "body3"
	{Polyhedron "body3.vol"}
	{Bone "body"}
	{Matrix34
		0.339124	-0.921829	-0.187688
		-0.225707	-0.273411	0.935042
		-0.913264	-0.274733	-0.300783
		-1.55532	3.29257	0.899948
	}
}
{Volume "body4"
	{Polyhedron "body4.vol"}
	{Bone "body"}
	{Matrix34
		0.339124	-0.921829	-0.187688
		-0.225707	-0.273411	0.935042
		-0.913264	-0.274733	-0.300783
		1.62502	-0.433952	0.645817
	}
}
{Volume "body5"
	{Polyhedron "body5.vol"}
	{Bone "body"}
	{Matrix34
		-0.759617	-0.55155	-0.344638
		-0.225706	-0.273412	0.935042
		-0.60995	0.78806	0.0832
		1.09557	-2.35864	-0.0447692
	}
}
{Volume "body6"
	{Polyhedron "body6.vol"}
	{Bone "body"}
	{Matrix34
		0.97312	-0.0181931	0.229578
		-0.225706	-0.273412	0.935042
		0.045758	-0.961725	-0.270169
		-0.0565813	0.779665	0.594769
	}
}
{Volume "body7"
	{Polyhedron "body7.vol"}
	{Bone "body"}
	{Matrix34
		0.255277	0.919856	0.297822
		-0.176825	-0.258416	0.949713
		0.950561	-0.295102	0.0966859
		-1.77264	-0.419376	-0.0269699
	}
}
{Volume "body8"
	{Polyhedron "body8.vol"}
	{Bone "body"}
	{Matrix34
		-0.655826	0.75338	-0.0480653
		-0.405187	-0.297568	0.864451
		0.636958	0.586405	0.500413
		-1.02837	-2.13975	-0.737862
	}
}
{Volume "body"
	{Polyhedron "body.vol"}
	{Bone "body"}
	{Matrix34
		0.339124	-0.921829	-0.187688
		-0.225707	-0.273411	0.935042
		-0.913264	-0.274733	-0.300783
		0.214925	-0.930523	-0.617683
	}
}
