;Exported by: Notebook
;Date:        Sun Oct 27 19:50:03 2019
;File:        C:\Users\Notebook\Google Диск\MOW\3ds max model\Constraction\Industrial\PowerLine\x\PowerLine6_x.max
{Skeleton
	{bone "basis"
		{Orientation
			1	0	0
			0	-1	0
			0	0	1
		}
		{bone "base1"
			{Matrix34
				0.983104	0	-0.183047
				0.0164791	0.995939	0.0885051
				0.182304	-0.0900262	0.979112
				0	-49.2126	0
			}
			{VolumeView "base1.ply"}
		}
		{bone "base2"
			{Matrix34
				-0.993651	-0.00664283	-0.112309
				0	-0.998255	0.0590431
				-0.112505	0.0586682	0.991918
				0	49.2126	0
			}
			{VolumeView "base2.ply"}
		}
		{bone "piece3"
			{Matrix34
				1	0	0
				0	0	-1
				0	1	0
				19.685	0	236.22
			}
			{VolumeView "piece3.ply"}
		}
		{bone "piece4"
			{Matrix34
				1	0	0
				0	-0.707107	-0.707107
				0	0.707107	-0.707107
				19.685	0	137.795
			}
			{VolumeView "piece4.ply"}
		}
		{bone "piece5"
			{Matrix34
				1	0	0
				0	0.707107	-0.707107
				0	0.707107	0.707107
				0	0	137.795
			}
			{VolumeView "piece5.ply"}
		}
		{bone "piece6"
			{Position 19.685	-78.7402	229.028}
			{VolumeView "piece6.ply"}
		}
		{bone "piece1"
			{Position -19.685	-44.5472	19.685}
			{VolumeView "piece1.ply"}
		}
		{bone "piece2"
			{Matrix34
				-1	0	0
				0	-1	0
				0	0	1
				-19.685	44.5472	19.685
			}
			{VolumeView "piece2.ply"}
		}
		{bone "piece7"
			{Position 0	1.39391e-005	229.028}
			{VolumeView "piece7.ply"}
		}
		{bone "piece8"
			{Position -19.685	78.7402	229.028}
			{VolumeView "piece8.ply"}
		}
	}
}
{Obstacle "base1"
	{Circle2
		{Radius 7.87402}
		{Center -1.25725e-007 49.2126}
	}
}
{Obstacle "base2"
	{Circle2
		{Radius 7.87402}
		{Center -2.76446e-013 -49.2126}
	}
}
{Volume "base1"
	{Box 5.11811 5.11811 68.8976}
	{Bone "base1"}
	{Position 0	0	24.6063}
}
{Volume "base2"
	{Box 5.11811 5.11811 68.8976}
	{Bone "base2"}
	{Position 0	0	24.6063}
}
{Volume "piece1"
	{Cylinder 2.95276 236.22}
	{Bone "piece1"}
	{Position 0	0	118.11}
}
{Volume "piece2"
	{Cylinder 2.95276 236.22}
	{Bone "piece2"}
	{Position 0	0	118.11}
}
{Volume "piece3"
	{Cylinder 2.75591 177.165}
	{Bone "piece3"}
	{Position 0	-3.05176e-005	0}
}
{Volume "piece4"
	{Cylinder 2.75591 137.795}
	{Bone "piece4"}
	{Position 0	0	0}
}
{Volume "piece5"
	{Cylinder 2.75591 137.795}
	{Bone "piece5"}
	{Position 0	0	0}
}
