;MDL File generated by SOEdit Version Next (v0.7m4)
;Model created by: яна
;Date: Tue Jan 17 12:20:09 2012
;File: C:\Documents and Settings\яна\ћои документы\3DReaperDX\Frames\scenes\Tigr.max
;Model create/rebuild by: MoCKBu4
;Last build date: Sunday 8 April 2023 [14:42:17]
{Skeleton
    {Animation
        {Sequence "start" {Speed 0.6}}
        {Sequence "stop" {Speed 0.6}}
        {Sequence "doorleft" {Speed 0.5}}
        {Sequence "doorright" {Speed 0.5}}
        {Sequence "doorleft1" {Speed 0.5}}
        {Sequence "doorright1" {Speed 0.5}}
    }
    {Bone revolute "basis"
        {Parameters "Wheelradius=0.58;SteerMax=35;"}
        {Limits -0 0}
        {Orientation
            1	0	0
            0	-1	0
            0	0	1
        }
        {Bone "pivot_front"
            {Matrix34
                0.999962	-0.00872649	0
                0.00872649	0.999962	0
                0	0	1
                34.1895	-0.565494	11.4509
            }
            {Bone revolute "steer_l1"
                {Matrix34
                    0.999962	0.00872649	0
                    0.00872649	-0.999962	0
                    0	0	-1
                    -0.362038	13.3004	-0.356035
                }
                {Bone revolute "wheell1"
                    {Parameters "ID=wheelleft;"}
                    {Matrix34
                        0.999963	0.00855986	7.43866e-05
                        -2.78548e-05	-0.00543604	0.999985
                        0.00856014	-0.999949	-0.0054356
                        0.356804	-4.368	-0.0245209
                    }
                    {VolumeView "wheell1.ply"}
                }
            }
            {Bone revolute "steer_r1"
                {Matrix34
                    0.999962	0.00872649	0
                    0.00872649	-0.999962	0
                    0	0	-1
                    0.05616	-12.8014	-0.13299
                }
                {Bone revolute "wheelr1"
                    {Parameters "ID=wheelright;"}
                    {Matrix34
                        0.999974	-0.00721782	0
                        0	0	1
                        -0.00721782	-0.999974	0
                        0.182899	4.58069	0.181227
                    }
                    {VolumeView "wheelr1.ply"}
                }
            }
            {Bone "fxtracer2"
                {Matrix34
                    0.999962	0.00872649	0
                    -0.00872649	0.999962	0
                    0	0	1
                    -0.708565	-17.0589	-11.4509
                }
            }
            {Bone "fxtracel2"
                {Matrix34
                    0.999962	0.00872649	0
                    -0.00872649	0.999962	0
                    0	0	1
                    -1.00647	17.1081	-11.4509
                }
            }
        }
        {Bone "pivot_back"
            {Matrix34
                0.999962	-0.00872649	0
                0.00872649	0.999962	0
                0	0	1
                -30.5657	-0.000383705	11.4528
            }
            {Bone revolute "wheelr2"
                {Parameters "ID=wheelright;"}
                {Matrix34
                    1	0	0
                    0	0	-1
                    0	1	0
                    0.0382977	-17.5311	0.110758
                }
                {VolumeView "wheelr2.ply"}
            }
            {Bone revolute "wheell2"
                {Parameters "ID=wheelleft;"}
                {Matrix34
                    1	0	0
                    0	0.00358123	-0.999994
                    0	0.999994	0.00358123
                    -0.259588	17.2461	-0.278904
                }
                {VolumeView "wheell2.ply"}
            }
            {Bone "fxtracer1"
                {Matrix34
                    0.999962	0.00872649	0
                    -0.00872649	0.999962	0
                    0	0	1
                    0.751333	-17.4447	-11.4528
                }
            }
            {Bone "fxtracel1"
                {Matrix34
                    0.999962	0.00872649	0
                    -0.00872649	0.999962	0
                    0	0	1
                    0.283072	16.7233	-11.4528
                }
            }
        }
        {Bone "body"
            {Parameters "ID=body;"}
            {Matrix34
                0.999962	-0.00872649	0
                0.00872649	0.999962	0
                0	0	1
                -2.5501	-1.98712	25.7878
            }
            {VolumeView "body.ply"}
            {Bone "doorl"
                {Parameters "ID=body;"}
                {Matrix34
                    0.999776	0.00872486	-0.0192946
                    -0.00872649	0.999962	0
                    0.0192938	0.000168374	0.999814
                    20.0927	23.6539	-2.57593
                }
                {VolumeView "doorl.ply"}
                {Bone "glass7"
                    {Parameters "ID=glass;"}
                    {Matrix34
                        0.999986	-0.000114917	0.00534341
                        2.93291e-05	0.999872	0.0160147
                        -0.00534457	-0.0160143	0.999858
                        -8.34917	-1.31926	10.5019
                    }
                    {VolumeView "glass7.ply"}
                }
                {Bone "glasszl"
                    {Parameters "ID=glass;"}
                    {Matrix34
                        0.999947	-0.00883985	0.00520322
                        0.00875527	0.999833	0.0160603
                        -0.00534433	-0.0160139	0.999858
                        -3.49603	2.51043	10.1737
                    }
                    {VolumeView "glasszl.ply"}
                }
            }
            {Bone "doorr"
                {Parameters "ID=body;"}
                {Matrix34
                    0.999989	0.00456069	0.000905514
                    -0.00457795	0.999788	0.0200772
                    -0.000813756	-0.0200811	0.999798
                    21.4561	-20.0456	-2.17768
                }
                {VolumeView "doorr.ply"}
                {Bone "glass8"
                    {Parameters "ID=glass;"}
                    {Matrix34
                        0.999961	0.00873845	-0.000852977
                        -0.00873316	0.999944	0.00601773
                        0.000905514	-0.00601005	0.999982
                        -8.84954	2.15915	10.7691
                    }
                    {VolumeView "glass8.ply"}
                }
                {Bone "glasszr"
                    {Parameters "ID=glass;"}
                    {Matrix34
                        0.714455	-0.699664	-0.00485203
                        0.699681	0.714446	0.00366033
                        0.000905513	-0.00601002	0.999982
                        -4.06037	-2.03363	10.0393
                    }
                    {VolumeView "glasszr.ply"}
                }
            }
            {Bone "doorr_back"
                {Parameters "ID=body;"}
                {Matrix34
                    0.999595	0.0284439	-0.000519965
                    -0.0284474	0.999557	-0.00871504
                    0.000271845	0.00872631	0.999962
                    -43.5414	-14.2239	3.39071
                }
                {VolumeView "doorr_back.ply"}
                {Bone "glass6"
                    {Parameters "ID=glass;"}
                    {Matrix34
                        0.999805	-0.0197236	0.000348091
                        0.0197198	0.999767	0.0087236
                        -0.000520071	-0.00871504	0.999962
                        0.809017	7.56979	7.00985
                    }
                    {VolumeView "glass6.ply"}
                }
            }
            {Bone "doorl_back"
                {Parameters "ID=body;"}
                {Matrix34
                    0.999606	-0.0261468	0.0102142
                    0.0262056	0.999641	-0.00566164
                    -0.0100624	0.00592707	0.999932
                    -43.8367	17.5352	3.2759
                }
                {VolumeView "doorl_back.ply"}
                {Bone "glass5"
                    {Parameters "ID=glass;"}
                    {Matrix34
                        0.99934	0.0349279	-0.0100103
                        -0.0348689	0.999374	0.00601466
                        0.0102142	-0.00566164	0.999932
                        1.02136	-7.76026	6.93768
                    }
                    {VolumeView "glass5.ply"}
                }
            }
            {Bone revolute "turret"
                {Parameters "ID=turret;"}
                {Speed 0.04}
                {Matrix34
                    0.999994	0.00349079	0
                    -0.00349079	0.999994	0
                    0	0	1
                    -12.6265	2.03863	21.6601
                }
                {VolumeView "turret.ply"}
                {Bone revolute "gun_rot"
                    {Parameters "ID=gun;"}
                    {Limits -20 8}
                    {Speed 0.01}
                    {Matrix34
                        1	0	0
                        0	0	-1
                        0	1	0
                        6.76896	0.0706822	-1.17711
                    }
                    {volumeview "gun_rot.ply"}
                    {bone "visor1"
                        {Matrix34
                            1	0	0
                            0	-0.0226902	0.999743
                            0	-0.999743	-0.0226906
                            2.91707	-0.0350342	3.54574
                        }
                    }
                    {Bone "gun"
                        {Parameters "ID=gun;"}
                        {Matrix34
                            0	0	1
                            -1	0	0
                            0	-1	0
                            3.05186	-0.0503693	-0.0721298
                        }
                        {VolumeView "gun.ply"}
                        {Bone prizmatic "foresight1"
                            {Matrix34
                                0	-1	0
                                0.0256819	0	0.99967
                                -0.99967	0	0.0256826
                                -0.137	-18.9731	0.0200005
                            }
                        }
                    }
                    {Bone revolute "mgun"
                        {Limits -5 74}
                        {Position 1.52461	-0.060524	-3.39089}
                        {VolumeView "mgun.ply"}
                        {Bone "foresight3"
                            {Matrix34
                                0.999958	0.00561914	-0.0072038
                                -0.00571121	0.999902	-0.0128011
                                0.00713121	0.0128421	0.999892
                                6.46659	0.0111504	-0.00205541
                            }
                        }
                    }
                }
                {Bone "turret_systems"
                    {Matrix34
                        0.999975	-0.00713098	-2.50041e-05
                        0.00713108	0.999969	0.00338293
                        0	-0.00338373	0.999994
                        -2.63607	-1.68551	-3.34485
                    }
                }
            }
            {Bone "glass9"
                {Parameters "ID=glass;"}
                {Matrix34
                    0.999962	0.00872649	0
                    -0.00872649	0.999962	0
                    0	0	1
                    -26.1517	-18.5582	10.4808
                }
                {VolumeView "glass9.ply"}
            }
            {Bone "glass10"
                {Parameters "ID=glass;"}
                {Matrix34
                    0.999962	0.00872649	0
                    -0.00872649	0.999962	0
                    0	0	1
                    -6.2074	-18.3842	10.4808
                }
                {VolumeView "glass10.ply"}
            }
            {Bone "glass3"
                {Parameters "ID=glass;"}
                {Matrix34
                    0.999962	0.00872649	0
                    -0.00872649	0.999962	0
                    0	0	1
                    -7.08345	22.1269	9.42999
                }
                {VolumeView "glass3.ply"}
            }
            {Bone "glass4"
                {Parameters "ID=glass;"}
                {Matrix34
                    0.999962	0.00872649	0
                    -0.00872649	0.999962	0
                    0	0	1
                    -26.9099	21.9538	9.67549
                }
                {VolumeView "glass4.ply"}
            }
            {Bone "glassc"
                {Parameters "ID=glass;"}
                {Matrix34
                    0.999962	0.00872649	0
                    -0.00872649	0.999962	0
                    0	0	1
                    14.4303	1.97804	20.1865
                }
                {VolumeView "glassc.ply"}
            }
            {Bone "glassb"
                {Parameters "ID=glass;"}
                {Matrix34
                    0.999962	0.00872649	0
                    -0.00872649	0.999962	0
                    0	0	1
                    -40.9456	21.8388	19.3109
                }
                {VolumeView "glassb.ply"}
            }
            {Bone "headlightr"
                {Parameters "ID=glass;"}
                {Matrix34
                    0.999962	0.00872649	0
                    -0.00872649	0.999962	0
                    0	0	1
                    49.6067	15.7102	-4.19509
                }
                {VolumeView "headlightr.ply"}
            }
            {Bone "headlightl"
                {Parameters "ID=glass;"}
                {Matrix34
                    0.999962	0.00872649	0
                    -0.00872649	0.999962	0
                    0	0	1
                    50.0531	-11.5936	-4.08308
                }
                {VolumeView "headlightl.ply"}
            }
            {Bone "glass1"
                {Parameters "ID=glass;"}
                {Matrix34
                    0.997208	-0.0546922	0.050849
                    0.0518523	0.997507	0.0478754
                    -0.062354	-0.0527269	0.99666
                    20.0066	-8.03489	10.0361
                }
                {VolumeView "glass1.ply"}
            }
            {Bone "glass2"
                {Parameters "ID=glass;"}
                {Matrix34
                    0.996785	-0.0559349	0.0573659
                    0.0528081	0.997108	0.0546458
                    -0.0602566	-0.0514407	0.996857
                    19.569	11.4839	10.0361
                }
                {VolumeView "glass2.ply"}
            }
            {Bone "fxstop2"
                {Matrix34
                    0.999962	0.00872649	0
                    -0.00872649	0.999962	0
                    0	0	1
                    -44.0461	-16.8904	-9.96636
                }
            }
            {Bone "fxstop1"
                {Matrix34
                    0.999962	0.00872649	0
                    -0.00872649	0.999962	0
                    0	0	1
                    -44.3915	19.7938	-10.1147
                }
            }
            {Bone "visor2"
                {Matrix34
                    0.999962	0.00872649	0
                    -0.00872649	0.999962	0
                    0	0	1
                    22.7173	12.7373	9.49422
                }
            }
            {Bone "fxlight"
                {Matrix34
                    0.999962	0.00872649	0
                    -0.00872649	0.999962	0
                    0	0	1
                    52.9557	2.31991	-4.59563
                }
            }
            {Bone "fxfire1"
                {Matrix34
                    0.999962	0.00872649	0
                    -0.00872649	0.999962	0
                    0	0	1
                    36.3186	1.68605	4.73748
                }
            }
            {Bone "driver"
                {Matrix34
                    0.999962	0.00872649	0
                    -0.00872649	0.999962	0
                    0	0	1
                    10.4448	14.0513	-10.3213
                }
            }
            {Bone "commander"
                {Matrix34
                    0.999962	0.00872649	0
                    -0.00872649	0.999962	0
                    0	0	1
                    10.6471	-9.12774	-10.3213
                }
            }
            {Bone "seat0"
                {Matrix34
                    0.999962	0.00872649	0
                    -0.00872649	0.999962	0
                    0	0	1
                    -16.3835	9.46522	-10.3213
                }
            }
            {Bone "link2"
                {Matrix34
                    -0.999963	-0.00855307	0
                    0.00855307	-0.999963	0
                    0	0	1
                    -45.0599	1.60413	-13.6617
                }
            }
            {Bone "seat1"
                {Matrix34
                    0.999962	0.00872649	0
                    -0.00872649	0.999962	0
                    0	0	1
                    -16.2062	-5.80558	-10.1548
                }
            }
            {Bone "seat2"
                {Matrix34
                    -0.999978	0.00662957	0
                    -0.00662957	-0.999978	0
                    0	0	1
                    -26.8094	9.5442	-9.8242
                }
            }
            {Bone "seat3"
                {Matrix34
                    -0.999978	0.00662957	0
                    -0.00662957	-0.999978	0
                    0	0	1
                    -26.5929	-6.80559	-9.714
                }
            }
            {Bone "fxsmoke1"
                {Matrix34
                    -0.583618	-0.676036	-0.44985
                    0.734237	-0.675941	0.0632358
                    -0.346822	-0.293391	0.890863
                    -13.1559	-18.5829	-16.2577
                }
            }
            {Bone "body_systems"
                {Position -0.98	1.89	-10.29}
            }
        }
        {Bone "emit2"
            {Matrix34
                0	1	0
                -1	0	0
                0	0	1
                8.34514	-30.4982	0
            }
        }
        {Bone "emit3"
            {Matrix34
                0.968011	0.250909	0
                -0.250909	0.968011	0
                0	0	1
                -54.9408	-10.9572	0
            }
        }
        {Bone "emit4"
            {Matrix34
                0.97807	-0.208277	0
                0.208277	0.97807	0
                0	0	1
                -55.1354	8.04153	0
            }
        }
        {Bone "emit1"
            {Matrix34
                0.00298293	-0.999996	0
                0.999996	0.00298293	0
                0	0	1
                8.36161	29.2273	0
            }
        }
    }
}
{Volume "body1"
    {Polyhedron "body1.vol"}
    {Bone "body"}
    {Matrix34
        0.999962	0.00872649	0
        -0.00872649	0.999962	0
        0	0	1
        2.02414	2.34488	-18.0653
    }
}
{Volume "body2"
    {Polyhedron "body2.vol"}
    {Bone "body"}
    {Matrix34
        0.999962	0.00872649	0
        -0.00872649	0.999962	0
        0	0	1
        4.67723	-15.7428	-13.013
    }
}
{Volume "body3"
    {Polyhedron "body3.vol"}
    {Bone "body"}
    {Matrix34
        0.999962	0.00872649	0
        -0.00872649	0.999962	0
        0	0	1
        4.37675	18.6889	-13.013
    }
}
{Volume "body"
    {Polyhedron "body.vol"}
    {Bone "body"}
    {Matrix34
        0.999962	0.00872649	0
        -0.00872649	0.999962	0
        0	0	1
        5.12065	2.0473	-3.08242
    }
}
{Volume "engine"
    {Box 19.8385 16.9403 2.62948}
    {Bone "body"}
    {Matrix34
        0.999962	0.00872639	0
        -0.00679599	0.778765	0.00448191
        2.86479e-05	-0.00328274	4.92489
        37.3974	1.70005	-5.41579
    }
}
{Volume "glass10"
    {Polyhedron "glass10.vol"}
    {Bone "glass10"}
    {Position -0.665339	0.257816	-1.17421}
}
{Volume "glass1"
    {Polyhedron "glass1.vol"}
    {Bone "glass1"}
    {Matrix34
        0.997537	0.0620901	-0.0255163
        -0.0633646	0.996628	-0.0446413
        0.0907443	0.0578686	0.995446
        0.498339	-0.125828	-0.653908
    }
}
{Volume "glass2"
    {Polyhedron "glass2.vol"}
    {Bone "glass2"}
    {Matrix34
        0.996259	0.0615075	-0.0607032
        -0.0646312	0.99661	-0.0509131
        0.0573659	0.054646	0.996857
        0.825138	0.699515	-0.799995
    }
}
{Volume "glass3"
    {Polyhedron "glass3.vol"}
    {Bone "glass3"}
    {Position -0.14284	0.119936	-0.134243}
}
{Volume "glass4"
    {Polyhedron "glass4.vol"}
    {Bone "glass4"}
    {Position 0.427763	0.0356884	-0.243317}
}
{Volume "glass5"
    {Polyhedron "glass5.vol"}
    {Bone "glass5"}
    {Position 0.321087	0.108119	-0.939388}
}
{Volume "glass6"
    {Polyhedron "glass6.vol"}
    {Bone "glass6"}
    {Position 0.20491	-0.4126	-0.934067}
}
{Volume "glass7"
    {Polyhedron "glass7.vol"}
    {Bone "glass7"}
    {Matrix34
        0.999903	0.000338609	0.0139477
        -0.000115215	0.999872	-0.0160143
        -0.0139513	0.0160111	0.999774
        -0.351078	0.362757	0.87743
    }
}
{Volume "glass8"
    {Polyhedron "glass8.vol"}
    {Bone "glass8"}
    {Matrix34
        0.999989	-0.00459184	-0.000109043
        0.00458743	0.999649	-0.0260854
        0.00022879	0.0260846	0.99966
        -0.613655	0.191868	0.297932
    }
}
{Volume "glass9"
    {Polyhedron "glass9.vol"}
    {Bone "glass9"}
    {Position 0.0231915	0.257828	-1.01387}
}
{Volume "mrap"
    {Box 18 37 0.667929}
    {Bone "body"}
    {Matrix34
        0	2.51124	0
        -2.51124	0	0
        0	0	2.51124
        5	1	-19
    }
}
{Volume "wheelleft1"
    {Polyhedron "wheelleft1.vol"}
    {Bone "wheell1"}
    {Matrix34
        0.999963	0	0.00856007
        4.70101e-05	0.999985	-0.00543587
        -0.00855995	0.00543608	0.999949
        -0.170349	-0.152735	-3.91206
    }
}
{Volume "wheelleft2"
    {Polyhedron "wheelleft2.vol"}
    {Bone "wheell2"}
    {Matrix34
        0.999962	3.12513e-05	0.00872649
        0	0.999994	-0.00358138
        -0.00872654	0.00358124	0.999956
        0.0214787	-0.0907431	-3.84524
    }
}
{Volume "wheelright1"
    {Polyhedron "wheelright1.vol"}
    {Bone "wheelr1"}
    {Matrix34
        0.999974	0	-0.00721782
        0	1	0
        0.00721782	0	0.999974
        -0.208641	-0.0417538	-3.65079
    }
}
{Volume "wheelright2"
    {Polyhedron "wheelright2.vol"}
    {Bone "wheelr2"}
    {Matrix34
        0.999962	0	0.00872649
        0	1	0
        -0.00872649	0	0.999962
        0.0261154	-0.0152817	-3.73402
    }
}
{Volume "gun"
    {Polyhedron "gun.vol"}
    {Bone "gun"}
    {Matrix34
        0.999782	0	-0.0207679
        0.0207679	3.18978e-07	0.999782
        -6.01722e-09	-1	-2.98722e-07
        0.14	0.77	-0.35
    }
}
{Volume "turret"
    {Polyhedron "turret.vol"}
    {Bone "turret"}
    {Position -0.91	-0.42	-0.84}
}
{Volume "turret_ring"
    {Cylinder 14 2}
    {Bone "body_systems"}
    {Position -11.59	-0.300001	26.81}
}
{Volume "mgun"
    {Box 7 1 1}
    {Bone "gun_rot"}
    {Position 4.06	0.35	-3.25001}
}
{Volume "gunner_place"
    {Box 12 12 25}
    {Bone "body_systems"}
    {Position -12.52	0.59	20.86}
}
