;Exported by: Filatov
;Date:        Sun Mar 08 23:14:40 2015
;File:        C:\Users\Filatov\Google Диск\MOW\3ds max model\Constraction\Port\breakwater\breakwater4.max
{Skeleton
	{bone "body"
		{Orientation
			1	0	0
			0	-1	0
			0	0	1
		}
		{VolumeView "body.ply"}
		{bone "loop"
			{Matrix34
				1	0	0
				0	0	1
				0	-1	0
				0	-0.0796165	36.2259
			}
			{VolumeView "loop.ply"}
		}
	}
}
{Volume "body1"
	{Polyhedron "body1.vol"}
	{Bone "body"}
	{Position 0	0	18.7464}
}
{Volume "body2"
	{Polyhedron "body2.vol"}
	{Bone "body"}
	{Matrix34
		-0.5	0	-0.866025
		0	1	0
		0.866025	0	-0.5
		0	0	18.7464
	}
}
{Volume "body3"
	{Polyhedron "body3.vol"}
	{Bone "body"}
	{Matrix34
		0.25	-0.433013	-0.866025
		-0.866025	-0.5	0
		-0.433013	0.75	-0.5
		0	0	18.7464
	}
}
{Volume "body4"
	{Polyhedron "body4.vol"}
	{Bone "body"}
	{Matrix34
		0.25	0.433013	-0.866025
		0.866025	-0.5	0
		-0.433013	-0.75	-0.5
		0	0	18.7464
	}
}
