;mdl file generated by soedit version next (v0.7m4)
;model created by: mockvu4
;date: tue aug 22 23:44:47 2023
;file: d:\!neu\model\!air\drone_rpg.max
;model create/rebuild by: mockbu4
;last build date: friday 26 october 2023 [17:26:33]
{skeleton
    {animation
        {sequence "basis" {speed 0.2}}
        {sequence "engine_start" {speed 0.2}}
        {sequence "engine_work" {speed 0.2}}
        {sequence "engine_stop" {speed 0.2}}
        {sequence "cwhs_nose_down" {speed 0.2}}
        {sequence "cwhs_nose_up" {speed 0.2}}
        {sequence "cwhs_hover" {speed 0.1}}
    }
    {bone "basis"
        {parameters "wheelradius=0.05;steermax=23;"}
        {orientation
            1	0	0
            0	-1	0
            0	0	1
        }
        {bone "cwhs_ani"
            {matrix34
                1	0	0
                0	0.999999	-0.00126076
                0	0.00126076	0.999999
                0.0294383	0	3.20253
            }
            {bone "cwhs_ani1"
                {matrix34
                    0.999488	0	-0.0320004
                    0	1	8.32772e-05
                    0.0320004	-8.33198e-05	0.999488
                    -3.28815	0.107622	-2.92232
                }
                {bone "body"
                    {matrix34
                        0.999488	0	0.032
                        -4.04096e-05	0.999999	0.00117751
                        -0.032	-0.0011782	0.999487
                        3.6004	-0.109392	4.75871
                    }
                    {volumeview "body.ply"}
                    {bone "wint"
                        {parameters "id=body;"}
                        {matrix34
                            1	0	0
                            0	0.999202	-0.039935
                            0	0.039935	0.999202
                            1.88735	-2.64123	-0.294216
                        }
                        {volumeview "wint.ply"}
                    }
                    {bone "wint2"
                        {parameters "id=body;"}
                        {matrix34
                            1	0	0
                            0	0.999202	-0.0399348
                            0	0.0399348	0.999202
                            1.88259	2.60932	-0.294216
                        }
                        {volumeview "wint2.ply"}
                    }
                    {bone "object001"
                        {parameters "id=body;"}
                        {matrix34
                            1	0	0
                            0	0.999202	-0.039935
                            0	0.039935	0.999202
                            -2.17288	-2.6415	-0.294216
                        }
                        {volumeview "object001.ply"}
                    }
                    {bone "object002"
                        {parameters "id=body;"}
                        {matrix34
                            1	0	0
                            0	0.999202	-0.0399359
                            0	0.0399359	0.999202
                            -2.1721	2.6397	-0.294218
                        }
                        {volumeview "object002.ply"}
                    }
                    {bone "propeller_work"
                        {parameters "id=body;"}
                        {matrix34
                            0.994455	0.104618	-0.0107205
                            -0.104529	0.994484	0.00864401
                            0.0115665	-0.00747514	0.999905
                            -2.15951	-2.62425	-0.179703
                        }
                        {volumeview "propeller_work.ply"}
                    }
                    {bone "propeller_work002"
                        {parameters "id=body;"}
                        {matrix34
                            0.999878	0.0113288	-0.0107205
                            -0.0112378	0.9999	0.00864398
                            0.0108182	-0.00852214	0.999905
                            1.9004	-2.62425	-0.179702
                        }
                        {volumeview "propeller_work002.ply"}
                    }
                    {bone "propeller_work003"
                        {parameters "id=body;"}
                        {matrix34
                            -0.998119	-0.060364	-0.0107209
                            0.0602727	-0.998145	0.00864386
                            -0.0112228	0.00798142	0.999905
                            1.9004	2.57954	-0.134471
                        }
                        {volumeview "propeller_work003.ply"}
                    }
                    {bone "propeller_work004"
                        {parameters "id=body;"}
                        {matrix34
                            -0.998119	-0.0603633	-0.0107205
                            0.0602734	-0.998145	0.00864399
                            -0.0112232	0.00798131	0.999905
                            -2.12848	2.57954	-0.134472
                        }
                        {volumeview "propeller_work004.ply"}
                    }
                    {bone "visor_ols"
                        {position 6.79	0	-0.28}
                        {bone "visor_ols1"
                            {matrix34
                                1	0	-0
                                0	0	1
                                0	-1	0
                                -0.07	0	-0.28
                            }
                            {bone "foresight1"
                                {matrix34
                                    1	-0	-0
                                    -0	-0	-1
                                    -0	1	-0
                                    0.75	0.0300003	0
                                }
                            }
                        }
                    }
                    {bone "bone0"
                        {position 1.47	0	-1.61}
                        {volumeview "mina.ply"}
                    }
                }
            }
        }
        {bone revolute "rudder_proj"
            {limits -20 20}
            {speed 0.04}
            {matrix34
                1	0	0
                0	-1	0
                0	0	-1
                -0.457367	0.0148848	0.773076
            }
        }
        {bone "pivot_back"
            {position -8.86166	0.85286	7.33768}
        }
        {bone "pivot_front"
            {position 4.33393	0.147229	7.33768}
        }
    }
}
{volume "ammo_storage_main"
    {polyhedron "ammo_storage_main.vol"}
    {bone "body"}
    {matrix34
        0	-1	0
        0	0	1
        -1	0	0
        2.9817	0.0571987	-1.72618
    }
}
{volume "body"
    {polyhedron "body.vol"}
    {bone "body"}
    {matrix34
        0	-1	0
        0	0	1
        -1	0	0
        -0.633106	-0.0400994	-0.277906
    }
}
