;Exported by: Timosh
;Date:        Mon Oct  7 19:47:02 2024
;File:        G:\?????? ? Pheonix\??????????????\??????\????\??? ????\??????????\malahit.max
{Skeleton
	{animation
		{sequence "cover1"}
		{sequence "cover2"}
		{sequence "cover3"}
		{sequence "cover4"}
		{sequence "cover5"}
		{sequence "cover6"}
		{sequence "fire1"}
		{sequence "fire2"}
		{sequence "fire3"}
		{sequence "fire4"}
		{sequence "fire5"}
		{sequence "fire6"}
	}
	{bone "basis"
		{Orientation
			1	0	0
			0	-1	0
			0	0	1
		}
		{bone "malahit"
			{parameters "ID=body;"}
			{VolumeView "malahit.ply"}
			{bone "cover1a"
				{parameters "ID=body;"}
				{Position 86.5369	90.2559	98.7753}
				{VolumeView "cover1a.ply"}
			}
			{bone "cover5a"
				{parameters "ID=body;"}
				{Position 92.2311	106.654	67.6954}
				{VolumeView "cover5a.ply"}
			}
			{bone "cover3a"
				{parameters "ID=body;"}
				{Position 92.1567	71.4563	67.6409}
				{VolumeView "cover3a.ply"}
			}
			{bone "cover4a"
				{parameters "ID=body;"}
				{Position 91.8527	-72.2817	67.4187}
				{VolumeView "cover4a.ply"}
			}
			{bone "cover6a"
				{parameters "ID=body;"}
				{Position 91.7784	-107.473	67.3642}
				{VolumeView "cover6a.ply"}
			}
			{bone "cover2a"
				{parameters "ID=body;"}
				{Position 86.1534	-91.1592	98.4947}
				{VolumeView "cover2a.ply"}
			}
			{bone "cover5b"
				{parameters "ID=body;"}
				{Position -91.8503	107.056	34.8879}
				{VolumeView "cover5b.ply"}
			}
			{bone "cover3b"
				{parameters "ID=body;"}
				{Position -91.9351	71.8716	34.8335}
				{VolumeView "cover3b.ply"}
			}
			{bone "cover1b"
				{parameters "ID=body;"}
				{Position -97.5447	90.6655	65.9712}
				{VolumeView "cover1b.ply"}
			}
			{bone "cover4b"
				{parameters "ID=body;"}
				{Position -92.2391	-71.8664	34.6112}
				{VolumeView "cover4b.ply"}
			}
			{bone "cover6b"
				{parameters "ID=body;"}
				{Position -92.3008	-107.051	34.5568}
				{VolumeView "cover6b.ply"}
			}
			{bone "cover2b"
				{parameters "ID=body;"}
				{Position -97.9258	-90.7324	65.6906}
				{VolumeView "cover2b.ply"}
			}
			{bone "missile1"
				{Matrix34
					0.984808	0	0.173648
					0	1	0
					-0.173648	0	0.984808
					-39.934	90.2559	63.4291
				}
				{VolumeView "missile1.ply"}
			}
			{bone "missile2"
				{Matrix34
					0.984808	0	0.173648
					0	1	0
					-0.173648	0	0.984808
					-39.9339	-90.2559	63.4291
				}
				{VolumeView "missile2.ply"}
			}
			{bone "missile5"
				{Matrix34
					0.984808	0	0.173648
					0	1	0
					-0.173648	0	0.984808
					-39.934	106.654	31.5186
				}
				{VolumeView "missile5.ply"}
			}
			{bone "missile6"
				{Matrix34
					0.984808	0	0.173648
					0	1	0
					-0.173648	0	0.984808
					-39.9339	-106.654	31.5186
				}
				{VolumeView "missile6.ply"}
			}
			{bone "missile3"
				{Matrix34
					0.984808	0	0.173648
					0	1	0
					-0.173648	0	0.984808
					-39.934	71.4567	31.5186
				}
				{VolumeView "missile3.ply"}
			}
			{bone "missile4"
				{Matrix34
					0.984808	0	0.173648
					0	1	0
					-0.173648	0	0.984808
					-39.9339	-71.4567	31.5186
				}
				{VolumeView "missile4.ply"}
			}
			{bone revolute "missile_rot"
				{limits -15 15}
				{speed 1}
				{Position 27.5413	1.35502e-05	214.785}
				{bone revolute "missile_rot1"
					{limits -15 15}
					{speed 1}
					{Matrix34
						1	0	0
						0	0	-1
						0	1	0
						9.44019	0	0
					}
					{bone "foresight2"
						{Matrix34
							1	0	0
							0	0	1
							0	-1	0
							9.24054	0	0
						}
					}
				}
			}
			{bone "malahit_radar"
				{parameters "ID=commander_triplex;"}
				{Position -14.4981	-0.161564	197.889}
				{VolumeView "malahit_radar.ply"}
				{bone "visor2"
					{Position 41.3063	0.161583	8.05243}
				}
			}
			{bone "tail1"
				{Matrix34
					-0.984808	0	-0.173648
					0	-1	0
					-0.173648	0	0.984808
					-93.1362	91.3673	50.3912
				}
			}
			{bone "tail2"
				{Matrix34
					-0.984808	0	-0.173648
					0	-1	0
					-0.173648	0	0.984808
					-93.1361	-91.3583	50.3912
				}
			}
			{bone "tail3"
				{Matrix34
					-0.984808	0	-0.173648
					0	-1	0
					-0.173648	0	0.984808
					-87.4507	72.0639	18.1472
				}
			}
			{bone "tail4"
				{Matrix34
					-0.984808	0	-0.173648
					0	-1	0
					-0.173648	0	0.984808
					-87.4506	-72.067	18.1472
				}
			}
			{bone "tail5"
				{Matrix34
					-0.984808	0	-0.173648
					0	-1	0
					-0.173648	0	0.984808
					-87.4507	106.794	18.1472
				}
			}
			{bone "tail6"
				{Matrix34
					-0.984808	0	-0.173648
					0	-1	0
					-0.173648	0	0.984808
					-87.4506	-106.403	18.1472
				}
			}
		}
	}
}
{Volume "ammo_storage_main1"
	{Cylinder 16.9569 191.395}
	{Bone "malahit"}
	{Matrix34
		0.173648	0	-0.984808
		0	1	0
		0.984808	0	0.173648
		-3.773	90.0561	65.4933
	}
}
{Volume "ammo_storage_main2"
	{Cylinder 16.9569 191.395}
	{Bone "malahit"}
	{Matrix34
		0.173648	0	-0.984808
		0	1	0
		0.984808	0	0.173648
		-3.77292	-90.0591	65.4933
	}
}
{Volume "ammo_storage_main3"
	{Cylinder 16.9569 191.395}
	{Bone "malahit"}
	{Matrix34
		0.173648	0	-0.984808
		0	1	0
		0.984808	0	0.173648
		3.69498	71.9559	34.645
	}
}
{Volume "ammo_storage_main4"
	{Cylinder 16.9569 191.395}
	{Bone "malahit"}
	{Matrix34
		0.173648	0	-0.984808
		0	1	0
		0.984808	0	0.173648
		3.69505	-71.9488	34.645
	}
}
{Volume "ammo_storage_main5"
	{Cylinder 16.9569 191.395}
	{Bone "malahit"}
	{Matrix34
		0.173648	0	-0.984808
		0	1	0
		0.984808	0	0.173648
		3.69496	107.135	34.645
	}
}
{Volume "ammo_storage_main6"
	{Cylinder 16.9569 191.395}
	{Bone "malahit"}
	{Matrix34
		0.173648	0	-0.984808
		0	1	0
		0.984808	0	0.173648
		3.69506	-107.126	34.645
	}
}
{Volume "body"
	{Box 17.8925 51.9329 20.6692}
	{Bone "malahit"}
	{Position 53.9307	89.5623	17.6795}
}
{Volume "body1"
	{Box 17.8925 51.9329 20.6692}
	{Bone "malahit"}
	{Position -63.1027	89.5622	2.34438}
}
{Volume "body2"
	{Box 17.8925 51.9329 20.6692}
	{Bone "malahit"}
	{Position -63.1026	-90.2934	2.34438}
}
{Volume "body3"
	{Box 17.8925 51.9329 20.6692}
	{Bone "malahit"}
	{Position 53.9308	-90.2934	17.6795}
}
{Volume "commander_triplex"
	{Cylinder 36.3946 65.8624}
	{Bone "malahit_radar"}
	{Position 0.503437	0.161558	-2.72784}
}
