;Exported by: Home Desk-Top
;Date:        Thu Jun 20 20:27:25 2013
;File:        D:\theGame\entity\3dMax Model\vechicle\Ikarus\ikarus.max
{Skeleton
	{animation
		{sequence "door1" {speed 0.1}}
		{sequence "door2" {speed 0.1}}
		{sequence "start" {speed 0.1}}
		{sequence "stop" {speed 0.1}}
	}
	{bone "basis"
		{parameters "Wheelradius=0.6;SteerMax=50;"}
		{Orientation
			1	0	0
			0	-1	0
			0	0	1
		}
		{bone "body"
			{parameters "ID=body;"}
			{Matrix34
				0.999852	0	0.0172144
				-0.000317391	0.99983	0.0184279
				-0.0172115	-0.0184306	0.999682
				12.1315	0.348912	32.5224
			}
			{VolumeView "body.ply"}
			{bone "bodyint"
				{parameters "ID=bodyint;"}
				{Position 0.0402918	2.35038	2.29728}
				{VolumeView "bodyint.ply"}
			}
			{bone "iglass"
				{parameters "ID=glass;"}
				{Matrix34
					0.00427633	0.99999	-0.00128732
					-0.999358	0.00431941	0.035563
					0.0355682	0.00113442	0.999367
					91.3741	-0.175797	0.771091
				}
				{VolumeView "iglass.ply"}
			}
			{bone "door22"
				{parameters "ID=door;"}
				{Matrix34
					0.00427633	0.99999	-0.00128732
					-0.999358	0.00431941	0.035563
					0.0355682	0.00113442	0.999367
					-17.217	-24.3748	3.0871
				}
				{VolumeView "door22.ply"}
				{bone "doorglass22"
					{parameters "ID=glass;"}
					{Position -5.14984e-005	0.0127411	-0.000228882}
					{VolumeView "doorglass22.ply"}
				}
			}
			{bone "door21"
				{parameters "ID=door;"}
				{Matrix34
					0.00427633	0.99999	-0.00128732
					-0.999358	0.00431941	0.035563
					0.0355682	0.00113442	0.999367
					-3.93227	-24.379	2.85841
				}
				{VolumeView "door21.ply"}
				{bone "doorglass21"
					{parameters "ID=glass;"}
					{Position -0.00143051	0.359631	-0.00661087}
					{VolumeView "doorglass21.ply"}
				}
			}
			{bone "door11"
				{parameters "ID=door;"}
				{Matrix34
					0.00427633	0.99999	-0.00128732
					-0.999358	0.00431941	0.035563
					0.0355682	0.00113442	0.999367
					76.3589	-24.4045	1.47627
				}
				{VolumeView "door11.ply"}
				{bone "doorglass11"
					{parameters "ID=glass;"}
					{Position -0.00143051	0.359627	-0.00661087}
					{VolumeView "doorglass11.ply"}
				}
			}
			{bone "door12"
				{parameters "ID=door;"}
				{Matrix34
					0.00427633	0.99999	-0.00128732
					-0.999358	0.00431941	0.035563
					0.0355682	0.00113442	0.999367
					63.1039	-24.4003	1.70444
				}
				{VolumeView "door12.ply"}
				{bone "doorglass12"
					{parameters "ID=glass;"}
					{Position -4.95911e-005	0.0127411	-0.000228882}
					{VolumeView "doorglass12.ply"}
				}
			}
			{bone "door32"
				{parameters "ID=door;"}
				{Matrix34
					0.00427633	0.99999	-0.00128732
					-0.999358	0.00431941	0.035563
					0.0355682	0.00113442	0.999367
					-108.614	-24.3397	4.98707
				}
				{VolumeView "door32.ply"}
				{bone "doorglass32"
					{parameters "ID=glass;"}
					{Position -4.95911e-005	0.0127411	-0.000228882}
					{VolumeView "doorglass32.ply"}
				}
			}
			{bone "door31"
				{parameters "ID=door;"}
				{Matrix34
					0.00427633	0.99999	-0.00128732
					-0.999358	0.00431941	0.035563
					0.0355682	0.00113442	0.999367
					-95.3291	-24.344	4.75839
				}
				{VolumeView "door31.ply"}
				{bone "doorglass31"
					{parameters "ID=glass;"}
					{Position -0.00143051	0.359627	-0.00661087}
					{VolumeView "doorglass31.ply"}
				}
			}
			{bone "visor"
				{parameters "Group=driver;"}
				{Matrix34
					0.99989	-0.000274151	-0.0148544
					0	0.99983	-0.01843
					0.0148569	0.018428	0.99972
					93.4369	14.0693	9.60269
				}
			}
			{bone "headlightl"
				{parameters "Group=driver;"}
				{Matrix34
					0.99989	-0.000274151	-0.0148544
					0	0.99983	-0.01843
					0.0148569	0.018428	0.99972
					93.0932	18.0323	-13.6015
				}
			}
			{bone "fxlight"
				{parameters "Group=driver;"}
				{Matrix34
					0.99989	-0.000274151	-0.0148544
					0	0.99983	-0.01843
					0.0148569	0.018428	0.99972
					93.0932	-0.449799	-13.2609
				}
			}
			{bone "headlightr"
				{parameters "Group=driver;"}
				{Matrix34
					0.99989	-0.000274151	-0.0148544
					0	0.99983	-0.01843
					0.0148569	0.018428	0.99972
					93.0933	-19.024	-12.9185
				}
			}
			{bone "fxstop2"
				{parameters "Group=driver;"}
				{Matrix34
					-0.99989	0.000274064	0.0148544
					0	-0.99983	0.0184302
					0.0148569	0.0184282	0.99972
					-125.132	-15.8055	-9.0475
				}
			}
			{bone "fxstop1"
				{parameters "Group=driver;"}
				{Matrix34
					-0.99989	0.000274064	0.0148544
					0	-0.99983	0.0184302
					0.0148569	0.0184282	0.99972
					-125.132	14.7852	-9.61139
				}
			}
			{bone "driver"
				{Matrix34
					0.99989	-0.000273674	-0.0148544
					0	0.99983	-0.01843
					0.0148569	0.018428	0.99972
					75.7443	13.7278	-11.5129
				}
			}
			{bone "emit3"
				{parameters "Group=driver;"}
				{Matrix34
					4.08392e-005	0.999871	-0.0160735
					-0.999852	0.000317527	0.0172117
					0.0172146	0.0160704	0.999723
					-102.937	-34.1145	-30.3729
				}
			}
			{bone "emit2"
				{parameters "Group=driver;"}
				{Matrix34
					4.08392e-005	0.999871	-0.0160735
					-0.999852	0.000317527	0.0172117
					0.0172146	0.0160704	0.999723
					-11.4322	-34.1395	-31.7323
				}
			}
			{bone "emit1"
				{parameters "Group=driver;"}
				{Matrix34
					4.07201e-005	0.999871	-0.0160735
					-0.999852	0.000317405	0.0172116
					0.0172145	0.0160704	0.999723
					68.7479	-34.1615	-32.9235
				}
			}
			{bone "seat1"
				{Matrix34
					0.99989	-0.000273674	-0.0148544
					0	0.99983	-0.01843
					0.0148569	0.018428	0.99972
					32.289	-18.3536	-12.6385
				}
			}
			{bone "seat2"
				{Matrix34
					0.99989	-0.000273674	-0.0148544
					0	0.99983	-0.01843
					0.0148569	0.018428	0.99972
					24.9618	16.4864	-13.172
				}
			}
			{bone "seat3"
				{Matrix34
					0.99989	-0.000273674	-0.0148544
					0	0.99983	-0.01843
					0.0148569	0.018428	0.99972
					57.7165	16.7946	-13.669
				}
			}
			{bone "seat4"
				{Matrix34
					0.99989	-0.000273674	-0.0148544
					0	0.99983	-0.01843
					0.0148569	0.018428	0.99972
					32.0652	16.8027	-13.2274
				}
			}
			{bone "seat5"
				{Matrix34
					0.99989	-0.000273674	-0.0148544
					0	0.99983	-0.01843
					0.0148569	0.018428	0.99972
					15.9557	-18.3633	-12.3018
				}
			}
			{bone "seat6"
				{Matrix34
					0.99989	-0.000273674	-0.0148544
					0	0.99983	-0.01843
					0.0148569	0.018428	0.99972
					-36.0608	-9.41063	-11.5711
				}
			}
			{bone "seat7"
				{Matrix34
					0.99989	-0.000273674	-0.0148544
					0	0.99983	-0.01843
					0.0148569	0.018428	0.99972
					-37.6301	16.1569	-12.0154
				}
			}
			{bone "seat8"
				{Matrix34
					0.99989	-0.000273674	-0.0148544
					0	0.99983	-0.01843
					0.0148569	0.018428	0.99972
					-6.75433	16.4218	-12.5519
				}
			}
			{bone "seat9"
				{Matrix34
					0.99989	-0.000273674	-0.0148544
					0	0.99983	-0.01843
					0.0148569	0.018428	0.99972
					32.3108	-9.46781	-12.7474
				}
			}
			{bone "seat10"
				{Matrix34
					0.99989	-0.000273674	-0.0148544
					0	0.99983	-0.01843
					0.0148569	0.018428	0.99972
					8.76771	16.2978	-12.8169
				}
			}
			{bone "seat11"
				{Matrix34
					0.99989	-0.000273674	-0.0148544
					0	0.99983	-0.01843
					0.0148569	0.018428	0.99972
					-36.1796	-17.3355	-11.423
				}
			}
			{bone "seat12"
				{Matrix34
					0.99989	-0.000273674	-0.0148544
					0	0.99983	-0.01843
					0.0148569	0.018428	0.99972
					-22.1767	16.1216	-12.2808
				}
			}
			{bone "seat13"
				{Matrix34
					0.99989	-0.000273674	-0.0148544
					0	0.99983	-0.01843
					0.0148569	0.018428	0.99972
					-51.5649	16.1786	-11.7758
				}
			}
			{bone "seat14"
				{Matrix34
					0.99989	-0.000273674	-0.0148544
					0	0.99983	-0.01843
					0.0148569	0.018428	0.99972
					-78.5832	-17.9226	-10.682
				}
			}
			{bone "seat15"
				{Matrix34
					0.99989	-0.000273674	-0.0148544
					0	0.99983	-0.01843
					0.0148569	0.018428	0.99972
					-52.7457	-9.01682	-11.291
				}
			}
			{bone "seat16"
				{Matrix34
					0.99989	-0.000273674	-0.0148544
					0	0.99983	-0.01843
					0.0148569	0.018428	0.99972
					-78.5726	-8.77822	-10.8507
				}
			}
			{bone "seat17"
				{Matrix34
					0.99989	-0.000273674	-0.0148544
					0	0.99983	-0.01843
					0.0148569	0.018428	0.99972
					15.6025	-9.19446	-12.4647
				}
			}
			{bone "seat18"
				{Matrix34
					0.99989	-0.000273674	-0.0148544
					0	0.99983	-0.01843
					0.0148569	0.018428	0.99972
					-77.5365	16.3192	-11.3312
				}
			}
			{bone "fxsmoke1"
				{parameters "Group=driver;"}
				{Matrix34
					-0.99989	0.000274064	0.0148544
					0	-0.99983	0.0184302
					0.0148569	0.0184282	0.99972
					-125.353	14.8212	-22.478
				}
			}
			{bone "glass2"
				{parameters "ID=glass;"}
				{Matrix34
					0.0042761	0.99999	-0.00128746
					-0.999358	0.00431918	0.035563
					0.0355682	0.00113457	0.999367
					16.6402	23.8554	14.6839
				}
				{VolumeView "glass2.ply"}
			}
			{bone "glass3"
				{parameters "ID=glass;"}
				{Matrix34
					0.0042761	0.99999	-0.00128746
					-0.999358	0.00431918	0.035563
					0.0355682	0.00113457	0.999367
					-10.4027	23.2755	13.9075
				}
				{VolumeView "glass3.ply"}
			}
			{bone "glass4"
				{parameters "ID=glass;"}
				{Matrix34
					0.0042761	0.99999	-0.00128746
					-0.999358	0.00431918	0.035563
					0.0355682	0.00113457	0.999367
					-39.6177	23.5602	14.0664
				}
				{VolumeView "glass4.ply"}
			}
			{bone "glass5"
				{parameters "ID=glass;"}
				{Matrix34
					0.0042761	0.99999	-0.00128746
					-0.999358	0.00431918	0.035563
					0.0355682	0.00113457	0.999367
					-71.6179	23.6632	16.1566
				}
				{VolumeView "glass5.ply"}
			}
			{bone "glass6"
				{parameters "ID=glass;"}
				{Matrix34
					0.0042761	0.99999	-0.00128746
					-0.999358	0.00431918	0.035563
					0.0355682	0.00113457	0.999367
					-101.716	23.3383	15.5727
				}
				{VolumeView "glass6.ply"}
			}
			{bone "glass7"
				{parameters "ID=glass;"}
				{Matrix34
					0.0042761	0.99999	-0.00128746
					-0.999358	0.00431918	0.035563
					0.0355682	0.00113457	0.999367
					46.5313	23.8459	14.1693
				}
				{VolumeView "glass7.ply"}
			}
		}
		{bone "pivot_front"
			{Position 56.4128	0	20.1384}
			{bone revolute "steerr"
				{Matrix34
					1	0	0
					0	-1	0
					0	0	-1
					0	-18.7212	-9.85736
				}
				{bone revolute "wheelright1"
					{parameters "ID=wheelright1;"}
					{Matrix34
						0.999852	0	-0.0172144
						0.0172144	0	0.999852
						0	-1	0
						0.0858459	2.80839	-0.0835371
					}
					{VolumeView "wheelright1.ply"}
					{bone "fxtracer1"
						{parameters "Group=driver;"}
						{Matrix34
							0.999852	0.0172155	0
							0	0	-1
							-0.0172155	0.999852	0
							0.202442	10.3696	-0.282831
						}
					}
				}
			}
			{bone revolute "steerl"
				{Matrix34
					1	0	0
					0	-1	0
					0	0	-1
					0	19.4429	-9.85736
				}
				{bone revolute "wheelleft1"
					{parameters "ID=wheelleft1;"}
					{Matrix34
						0.999852	0	-0.0172144
						0.0172144	0	0.999852
						0	-1	0
						0.132278	-2.76913	-0.183945
					}
					{VolumeView "wheelleft1.ply"}
					{bone "fxtracel1"
						{parameters "Group=driver;"}
						{Matrix34
							0.999852	0.0172155	0
							0	0	-1
							-0.0172155	0.999852	0
							-0.222069	10.3954	0.318148
						}
					}
				}
			}
		}
		{bone "pivot_back"
			{Position -51.1366	0	20.1384}
			{bone "spring_r"
				{Position 0.194199	-18.7212	-4.15175}
				{bone revolute "wheelright2"
					{parameters "ID=wheelright2;"}
					{Matrix34
						0.999852	0	0.0172144
						0.0172144	0	-0.999852
						0	1	0
						0.326965	-1.37654	-5.2993
					}
					{VolumeView "wheelright2.ply"}
					{bone "fxtracer2"
						{parameters "Group=driver;"}
						{Matrix34
							0.999852	0.0172149	0
							0	0	-1
							-0.0172149	0.999852	0
							-0.383408	10.7999	-1.71467
						}
					}
				}
			}
			{bone "spring_l"
				{Position 0.194199	19.4429	-4.15175}
				{bone revolute "wheelleft2"
					{parameters "ID=wheelleft2;"}
					{Matrix34
						0.999852	0	0.0172144
						0.0172144	0	-0.999852
						0	1	0
						0.370422	0.562523	-5.18178
					}
					{VolumeView "wheelleft2.ply"}
					{bone "fxtracel2"
						{parameters "Group=driver;"}
						{Matrix34
							0.999852	0.0172149	0
							0	0	-1
							-0.0172149	0.999852	0
							-0.679951	10.7948	2.52477
						}
					}
				}
			}
		}
	}
}
{Volume "body"
	{Polyhedron "body.vol"}
	{Bone "body"}
	{Matrix34
		0.99989	-0.000274151	-0.0148548
		3.53554e-005	0.999871	-0.0160731
		0.0148573	0.0160708	0.99976
		-9.52903	-0.773339	-25.1158
	}
}
{Volume "glass2"
	{Polyhedron "glass2.vol"}
	{Bone "glass2"}
	{Matrix34
		0.00398075	-0.999824	0.018362
		0.0172144	0.0184279	0.999682
		-0.999844	-0.00366339	0.0172847
		5.0361	3.84682	0.0097847
	}
}
{Volume "glass32"
	{Box 8.29361 24.4969 4.92126}
	{Bone "doorglass32"}
	{Matrix34
		0.00398027	-0.999824	0.018362
		0.0172144	0.0184279	0.999682
		-0.999844	-0.00366291	0.0172847
		0.344732	0.166288	2.31974
	}
}
{Volume "glass3"
	{Polyhedron "glass3.vol"}
	{Bone "glass3"}
	{Matrix34
		0.00398075	-0.999824	0.018362
		0.0172144	0.0184279	0.999682
		-0.999844	-0.00366339	0.0172847
		5.62725	2.80461	1.27156
	}
}
{Volume "glass4"
	{Polyhedron "glass4.vol"}
	{Bone "glass4"}
	{Matrix34
		0.00398075	-0.999824	0.018362
		0.0172144	0.0184279	0.999682
		-0.999844	-0.00366339	0.0172847
		5.3566	1.52358	1.63871
	}
}
{Volume "glass5"
	{Polyhedron "glass5.vol"}
	{Bone "glass5"}
	{Matrix34
		0.00398075	-0.999824	0.018362
		0.0172144	0.0184279	0.999682
		-0.999844	-0.00366339	0.0172847
		5.26858	0.747116	0.113533
	}
}
{Volume "glass6"
	{Polyhedron "glass6.vol"}
	{Bone "glass6"}
	{Matrix34
		0.00398075	-0.999824	0.018362
		0.0172144	0.0184279	0.999682
		-0.999844	-0.00366339	0.0172847
		5.59561	2.29257	1.18756
	}
}
{Volume "glass7"
	{Polyhedron "glass7.vol"}
	{Bone "glass7"}
	{Matrix34
		0.00398075	-0.999824	0.018362
		0.0172143	0.0184279	0.999682
		-0.999844	-0.00366339	0.0172846
		5.05145	-0.00895309	0.0805893
	}
}
{Volume "hole"
	{Polyhedron "hole.vol"}
	{Bone "body"}
	{Matrix34
		-0.999852	0.000317201	0.0172115
		0	-0.99983	0.0184306
		0.0172145	0.0184279	0.999682
		-16.3006	-0.762737	-23.6423
	}
}
{Volume "hole2"
	{Polyhedron "hole2.vol"}
	{Bone "body"}
	{Matrix34
		0.999852	-0.000317527	-0.0172115
		0.0172144	0.018428	0.999682
		0	-0.99983	0.0184307
		12.8178	27.8459	14.8436
	}
}
{Volume "hole3"
	{Polyhedron "hole3.vol"}
	{Bone "body"}
	{Matrix34
		0.999852	-0.000317527	-0.0172115
		0.0172144	0.018428	0.999682
		0	-0.99983	0.0184307
		-13.1362	27.8541	15.2903
	}
}
{Volume "hole4"
	{Polyhedron "hole4.vol"}
	{Bone "body"}
	{Matrix34
		0.999852	-0.000317527	-0.0172115
		0.0172144	0.018428	0.999682
		0	-0.99983	0.0184307
		-41.0591	27.863	15.771
	}
}
{Volume "hole5"
	{Polyhedron "hole5.vol"}
	{Bone "body"}
	{Matrix34
		0.999852	-0.000317527	-0.0172115
		0.0172144	0.018428	0.999682
		0	-0.99983	0.0184307
		-72.3379	27.8729	16.3094
	}
}
{Volume "hole6"
	{Polyhedron "hole6.vol"}
	{Bone "body"}
	{Matrix34
		0.999852	-0.000317527	-0.0172115
		0.0172144	0.018428	0.999682
		0	-0.99983	0.0184307
		-103.941	27.883	16.8534
	}
}
{Volume "hole7"
	{Polyhedron "hole7.vol"}
	{Bone "body"}
	{Matrix34
		0.999852	-0.000317527	-0.0172115
		0.0172144	0.018428	0.999682
		0	-0.99983	0.0184307
		46.5647	27.8352	14.2626
	}
}
{Volume "wheelleft1"
	{Cylinder 10.7735 6.88976}
	{Bone "wheelleft1"}
	{Matrix34
		0.999852	0.0172152	0
		0.0172152	-0.999852	0
		0	0	-1
		-0.0374931	0.113827	-0.598884
	}
}
{Volume "wheelleft2"
	{Cylinder 10.8812 10.8268}
	{Bone "wheelleft2"}
	{Matrix34
		0.999852	0.0172145	0
		0.0172145	-0.999852	0
		0	0	-1
		-0.150615	0.00345724	0.128109
	}
}
{Volume "wheelright1"
	{Cylinder 10.7735 6.88976}
	{Bone "wheelright1"}
	{Matrix34
		0.999852	0.0172152	0
		0.0172152	-0.999852	0
		0	0	-1
		0.387006	0.0880777	0.354575
	}
}
{Volume "wheelright2"
	{Cylinder 10.8812 10.8268}
	{Bone "wheelright2"}
	{Matrix34
		0.999852	0.0172145	0
		0.0172145	-0.999852	0
		0	0	-1
		0.145916	0.0085671	0.246961
	}
}
