;MDL File generated by SOEdit Version Next (v0.7m4)
;Model created by: Kasutaja
;Date: Wed Jun 16 18:45:02 2021
;File: D:\??????? ????\??? GEM2\????????? 3? ??????? Cold War ?????????\??? ? ??? ?????????? ? ???\brdm2_new\BRDM2_new_final 2 (1) (3).max
;Model create/rebuild by: Makimka
;Last build date: Monday 4 August 2024 [13:33:11]
{Skeleton
    {Animation
        {Sequence "start" {Speed 0.6}}
        {Sequence "stop" {Speed 0.6}}
        {Sequence "hit" {Speed 0.8}}
        {Sequence "fire" {Speed 0.8}}
        {Sequence "openL" {Speed 0.8} {Resume}}
        {Sequence "openR" {Speed 0.8} {Resume}}
        {Sequence "open_volnorez" {Speed 0.3} {Resume}}
    }
    {Bone revolute "basis"
        {Parameters "WheelRadius=0.5;SteerMax=35;"}
        {Limits -0 0}
        {Orientation
            1	0	0
            0	-1	0
            0	0	1
        }
        {Bone "body"
            {Parameters "ID=body;"}
            {Animation
                {Sequence "repair" {File "body_r.anm"} {Speed 0.7}}
            }
            {Matrix34
                -0.00713103	0.999969	-0.00338349
                -0.999975	-0.0071311	0
                -2.40923e-05	0.0033832	0.999994
                -0.129823	0.202597	27.2987
            }
            {VolumeView "body.ply"}
            {Bone "engine"
                {Parameters "ID=engine;"}
                {Position 0.0897354	35.4493	8.25862}
                {VolumeView "engine.ply"}
                {Bone "fxfire1"
                    {Position 8.70316	12.8414	-7.6076}
                }
            }
            {Bone "door_front"
                {Parameters "ID=body;"}
                {Matrix34
                    0.965926	-0.258819	0
                    0.258819	0.965926	0
                    0	0	1
                    2.45686	-22.4141	10.6566
                }
                {VolumeView "door_front.ply"}
            }
            {Bone revolute "turret"
                {Parameters "ID=turret;"}
                {Speed 0.04}
                {Matrix34
                    0	-1	0
                    1	0	0
                    0	0	1
                    -0.126533	3.70863	16.2601
                }
                {VolumeView "turret.ply"}
                {Bone "turret_systems"
                    {Matrix34
                        0.999975	-0.00713098	-2.50041e-05
                        0.00713108	0.999969	0.00338293
                        0	-0.00338373	0.999994
                        -2.63607	-1.68551	-3.34485
                    }
                }
                {Bone revolute "gun_rot"
                    {Parameters "ID=gun;"}
                    {Limits -15 60}
                    {Speed 0.01}
                    {Matrix34
                        0.996176	0.017241	0.0856502
                        -0.0856156	-0.0027415	0.996325
                        0.0174128	-0.999847	-0.00125477
                        14.15	-0.300004	-1.41
                    }
                    {VolumeView "gun_rot.ply"}
                    {Bone "gun"
                        {Parameters "id=gun;"}
                        {Matrix34
                            0.0097706	-0.000245614	-0.999952
                            -0.999637	0.0251289	-0.00977366
                            0.0251301	0.999684	0
                            14.736	-0.0767481	-1.1414
                        }
                        {VolumeView "gun.ply"}
                        {Bone "foresight1"
                            {Matrix34
                                0	-1	0
                                0	0	1
                                -1	0	0
                                0.0270528	-16.2496	0.00331116
                            }
                        }
                    }
                    {Bone "foresight3"
                        {Position 6.76302	-0.0821571	1.54874}
                    }
                    {Bone "shooter00"
                        {Matrix34
                            -0.996195	-0.0871556	1.52588e-05
                            -0.0871556	0.996195	0
                            -1.53178e-05	0	-1
                            1.8485	4.33089	-1.06125
                        }
                    }
                    {Bone "foresight2"
                        {Matrix34
                            0.98924	-0.103322	-0.103552
                            -0.101384	-0.994559	0.0238268
                            -0.105451	-0.013072	-0.994337
                            3.34019	2.12856	15.2588
                        }
                    }
                }
                {Bone "ptur_0"
                    {Matrix34
                        0.999185	-0.00308949	-0.0402634
                        0.0267219	0.798137	0.601888
                        0.0302761	-0.602472	0.797571
                        -2.33	-14.45	-1.63
                    }
                    {VolumeView "ptur.ply"}
                }
            }
            {Bone "fxfire2"
                {Matrix34
                    0	0	1
                    0	1	0
                    -1	0	0
                    -0.464207	-1.09383	-2.1628
                }
            }
            {Bone "fxfire3"
                {Matrix34
                    0	0	1
                    0	1	0
                    -1	0	0
                    7.76772	-18.8358	-1.44821
                }
            }
            {Bone "fxsmoke1"
                {Matrix34
                    0.365394	0.769204	-0.524226
                    -0.0390735	-0.549996	-0.834253
                    -0.930033	0.325314	-0.17091
                    15.6322	54.6851	3.07282
                }
            }
            {Bone "fxsmoke2"
                {Matrix34
                    0.0071857	0.937758	-0.347216
                    -0.181667	-0.340222	-0.92263
                    -0.983334	0.0697073	0.167915
                    -15.0262	54.6877	3.04875
                }
            }
            {Bone "emit1"
                {Matrix34
                    -1	0	0
                    0	-1	0
                    0	0	1
                    29.2744	-3.84607	-20.6756
                }
                {Visibility 0}
            }
            {Bone "emit2"
                {Position -31.6686	-22.3381	-21.0684}
                {Visibility 0}
            }
            {Bone "enumerator"
                {Matrix34
                    0.852081	-0.00862292	0.523339
                    0.0101192	0.999949	0
                    -0.523312	0.00529579	0.852125
                    20.2168	2.79901	2.45565
                }
         
            }
            {Bone "visor2"
                {Matrix34
                    0	-1	0
                    1	0	0
                    0	0	1
                    6.63769	-32.2671	9.78172
                }
            }
            {Bone "headlightr"
                {Matrix34
                    -0.0071307	-0.999975	9.15884e-05
                    0.999892	-0.00713135	-0.012842
                    0.012842	0	0.999918
                    12.4149	-48.8832	2.87601
                }
            }
            {Bone "headlightl"
                {Matrix34
                    -0.0071307	-0.999975	9.15884e-05
                    0.999892	-0.00713135	-0.012842
                    0.012842	0	0.999918
                    -13.0564	-48.6444	2.81909
                }
            }
            {Bone "fxstop1"
                {Matrix34
                    0.00713049	0.999975	-9.1614e-05
                    -0.999892	0.00713114	0.012842
                    0.0128419	0	0.999918
                    -18.3593	53.9581	3.16144
                }
            }
            {Bone "fxstop2"
                {Matrix34
                    0.00713049	0.999975	-9.1614e-05
                    -0.999892	0.00713114	0.012842
                    0.0128419	0	0.999918
                    19.0072	53.5385	3.12662
                }
            }
            {Bone "emit0"
                {Matrix34
                    -1	0	0
                    0	-1	0
                    0	0	1
                    29.8789	-27.0396	-20.6833
                }
                {Visibility 0}
            }
            {Bone "visor3"
                {Matrix34
                    -1	0	0
                    0	-1	0
                    0	0	1
                    -18.229	-3.82422	8.25841
                }
            }
            {Bone "visor4"
                {Position 17.9856	-3.81453	8.35299}
            }
            {Bone "body_systems"
                {Matrix34
                    -0.00713119	-0.999975	-2.40854e-05
                    0.999969	-0.00713126	0.00338326
                    -0.00338346	0	0.999994
                    0.87606	-7.10948	-11.3347
                }
            }
            {Bone "visor5"
                {Matrix34
                    -0.642788	-0.766044	0
                    0.766044	-0.642788	0
                    0	0	1
                    -12.6367	-30.6491	9.71651
                }
            }
            {Bone "drivel_shil"
                {Parameters "ID=body;"}
                {Matrix34
                    -0.00664015	-0.698945	-0.715144
                    0.999918	-0.0124535	0.0028867
                    -0.010924	-0.715067	0.698971
                    -3.27753	-33.243	7.97868
                }
                {VolumeView "drivel_shil.ply"}
            }
            {Bone "door_right"
                {Parameters "ID=body;"}
                {Matrix34
                    0.249383	-0.968405	0.000843953
                    0.968399	0.249385	0.00327634
                    -0.00338356	0	0.999994
                    -2.96759	-19.0773	10.6554
                }
                {VolumeView "door_right.ply"}
            }
            {Bone "anten"
                {Matrix34
                    -0.00713119	-0.999975	-2.40929e-05
                    0.999969	-0.00713126	0.00338324
                    -0.00338345	0	0.999994
                    -20.9908	-16.4168	4.41829
                }
                {VolumeView "anten.ply"}
            }
            {Bone "volnorez"
                {Parameters "ID=body;"}
                {Matrix34
                    -0.00713119	-0.999975	-2.40929e-05
                    0.999969	-0.00713126	0.00338324
                    -0.00338345	0	0.999994
                    -0.365457	-48.2418	-9.70724
                }
                {VolumeView "volnorez.ply"}
            }
            {Bone "interier1"
                {Matrix34
                    0.999969	-0.00713102	0.00338297
                    -0.00338335	0	0.999994
                    -0.00713094	-0.999975	-2.4199e-05
                    2.23792	-13.9881	0.59318
                }
                {VolumeView "interier1.ply"}
                {Bone "interier2"
                    {Matrix34
                        0.999928	0	-0.0120277
                        -0.0120277	0	-0.999928
                        0	1	0
                        -2.84074	-1.0491	0.483958
                    }
                    {VolumeView "interier2.ply"}
                }
            }
            {Bone "voln_detail1"
                {Matrix34
                    -0.00713117	-0.999975	-2.40746e-05
                    0.999969	-0.00713127	0.0033831
                    -0.00338359	0	0.999994
                    -0.419339	-52.3212	-2.37988
                }
                {VolumeView "voln_detail1.ply"}
            }
            {Bone "voln_detail2"
                {Matrix34
                    -0.00713117	-0.999975	-2.40746e-05
                    0.999969	-0.00713127	0.0033831
                    -0.00338359	0	0.999994
                    -0.407591	-51.3128	-3.73136
                }
                {VolumeView "voln_detail2.ply"}
            }
            {Bone "glass_f1"
                {Parameters "ID=glass_F1;"}
                {Matrix34
                    -1	0	0
                    0	-0.977729	-0.20987
                    0	-0.20987	0.977729
                    -6.13688	-35.6525	5.46132
                }
                {VolumeView "glass_f1.ply"}
            }
            {Bone "glass_f2"
                {Parameters "ID=glass_F2;"}
                {Matrix34
                    -1	0	0
                    0	-0.977729	-0.20987
                    0	-0.20987	0.977729
                    5.35248	-35.7725	5.45324
                }
                {VolumeView "glass_f2.ply"}
            }
        }
        {Bone "pivot_front"
            {Parameters "ID=body;"}
            {Matrix34
                -0.00713105	0.999969	-0.00338336
                -0.999975	-0.00713108	0
                -2.41387e-05	0.00338328	0.999994
                27.1951	0.108732	10.9099
            }
            {VolumeView "pivot_front.ply"}
            {Bone prizmatic "suspension_r1"
                {Matrix34
                    -1	0	0
                    0	-1	0
                    0	0	1
                    13.0136	-0.24695	0.178915
                }
                {Bone revolute "steer_r1"
                    {Parameters "ID=body;"}
                    {Matrix34
                        0	1	0
                        1	0	0
                        0	0	-1
                        27.2419	-0.178413	-0.144257
                    }
                    {Bone "fxtracer1"
                        {Matrix34
                            1	0	0
                            0	-1	0
                            0	0	-1
                            0.032198	3.59838	10.4123
                        }
                    }
                    {Bone revolute "wheelr1"
                        {Parameters "ID=wheelright1;"}
                        {Matrix34
                            -0.999975	-0.00712994	-9.159e-05
                            0	0.0128421	-0.999918
                            0.00713052	-0.999892	-0.0128418
                            -0.20924	3.6911	0.108221
                        }
                        {VolumeView "wheelr1.ply"}
                    }
                }
            }
            {Bone prizmatic "suspension_l1"
                {Matrix34
                    -1	0	0
                    0	-1	0
                    0	0	1
                    -13.304	-0.0592709	0.0898724
                }
                {Bone revolute "steer_l1"
                    {Parameters "ID=body;"}
                    {Matrix34
                        0	1	0
                        1	0	0
                        0	0	-1
                        -27.8267	0.34955	0.251521
                    }
                    {Bone "fxtracel1"
                        {Matrix34
                            1	0	0
                            0	-1	0
                            0	0	-1
                            -0.347769	-3.12955	10.6237
                        }
                    }
                    {Bone revolute "wheell1"
                        {Parameters "ID=wheelLeft1;"}
                        {Matrix34
                            0.999975	0.00712979	-9.15601e-05
                            0	0.0128418	0.999918
                            0.00713037	-0.999892	0.0128415
                            0.0235252	-2.95623	0.288589
                        }
                        {VolumeView "wheell1.ply"}
                    }
                }
            }
        }
        {Bone "pivot_back"
            {Parameters "ID=body;"}
            {Matrix34
                0.00713149	-0.999969	0.00338356
                0.999975	0.00713153	0
                -2.40511e-05	0.00338347	0.999994
                -32.4459	0.181471	10.8999
            }
            {VolumeView "pivot_back.ply"}
            {Bone "fxtracel2"
                {Matrix34
                    0	1	0
                    1	0	0
                    0	0	-1
                    -18.2411	0.254253	-10.7899
                }
            }
            {Bone "fxtracer2"
                {Matrix34
                    0	1	0
                    1	0	0
                    0	0	-1
                    18.5702	0.244373	-10.6827
                }
            }
            {Bone prizmatic "suspension_l2"
                {Position 13.3764	0.00486374	0.099638}
                {Bone revolute "wheell2"
                    {Parameters "ID=wheelLeft2;"}
                    {Matrix34
                        0.00712975	0.999975	9.16152e-05
                        0.0128412	0	-0.999918
                        -0.999892	0.00713033	-0.0128409
                        -31.8685	0.154572	-0.0335302
                    }
                    {VolumeView "wheell2.ply"}
                }
            }
            {Bone prizmatic "suspension_r2"
                {Position -12.9413	0.192551	0.188686}
                {Bone revolute "wheelr2"
                    {Parameters "ID=wheelright2;"}
                    {Matrix34
                        -0.00713056	-0.999975	9.15773e-05
                        0.0128416	0	0.999918
                        -0.999892	0.00713113	0.0128413
                        31.576	-0.297874	-0.254947
                    }
                    {VolumeView "wheelr2.ply"}
                }
            }
        }
    }
}
{Volume "additional_triplex1"
    {Box 0.413386 5.90551 1.9685}
    {Bone "body_systems"}
    {Matrix34
        0	1	0
        -1	0	0
        0	0	1
        -3.37363	16.9221	19.1515
    }
}
{Volume "additional_triplex"
    {Box 0.413386 5.90551 1.9685}
    {Bone "body_systems"}
    {Matrix34
        0	1	0
        -1	0	0
        0	0	1
        -3.40704	-18.6916	19.2241
    }
}
{Volume "ammo_storage_mgun1"
    {Box 15.748 7.87402 5.90551}
    {Bone "body_systems"}
    {Position -7.83457	12.2918	11.6285}
}
{Volume "ammo_storage_mgun2"
    {Box 15.748 7.87402 5.90551}
    {Bone "body_systems"}
    {Position -8.4255	-14.7326	12.3815}
}
{Volume "body1"
    {Polyhedron "body1.vol"}
    {Bone "body"}
    {Matrix34
        -0.00713121	-0.999975	-2.40482e-05
        0.999969	-0.00713126	0.00338314
        -0.0033834	0	0.999994
        0.00736863	2.12671	1.16819
    }
}
{Volume "body2"
    {Polyhedron "body2.vol"}
    {Bone "body"}
    {Matrix34
        -0.00713119	-0.999975	-2.41217e-05
        -0.00338374	0	0.999994
        -0.999969	0.00713127	-0.00338345
        18.2287	-28.9987	5.6248
    }
}
{Volume "body3"
    {Polyhedron "body3.vol"}
    {Bone "body"}
    {Matrix34
        0	-1	0
        1	0	0
        0	0	1
        0.0790787	-24.8108	-6.78388
    }
}
{Volume "body4"
    {Polyhedron "body4.vol"}
    {Bone "body"}
    {Matrix34
        -0.00713118	-0.999975	-2.41059e-05
        -0.00338361	0	0.999994
        -0.999969	0.00713127	-0.00338332
        0.197208	-46.1441	-7.06118
    }
}
{Volume "body5"
    {Polyhedron "body5.vol"}
    {Bone "body"}
    {Matrix34
        0	-1	0
        1	0	0
        0	0	1
        -2.23977	21.098	-7.02721
    }
}
{Volume "commander1_place"
    {Box 7.87402 13.7795 19.685}
    {Bone "body_systems"}
    {Matrix34
        0	1	0
        -1	0	0
        0	0	1
        -7.77565	7.74555	10.0379
    }
}
{Volume "commander_place"
    {Box 7.87402 13.7795 19.685}
    {Bone "body_systems"}
    {Matrix34
        0	1	0
        -1	0	0
        0	0	1
        -7.92794	-8.91744	10.0362
    }
}
{Volume "commander_triplex"
    {Box 0.19685 1.5748 3.93701}
    {Bone "body_systems"}
    {Matrix34
        0.997828	0	0.175942
        0	1.01322	0
        -0.175946	0	0.997828
        0.696484	2.71694	24.8036
    }
}
{Volume "driver_panel"
    {Box 1.5748 15.748 5.90551}
    {Bone "body_systems"}
    {Matrix34
        0.708748	0	-0.705461
        0	1	0
        0.705461	0	0.708749
        27.7066	3.13125	12.4518
    }
}
{Volume "driver_place"
    {Box 14.7638 9.25197 21.6535}
    {Bone "body_systems"}
    {Position 17.4107	4.62819	7.61924}
}
{Volume "driver_triplex1"
    {Box 0.413386 3.93701 1.9685}
    {Bone "body_systems"}
    {Matrix34
        1	-1.76583e-05	0
        1.7628e-05	1	0
        0	0	1
        24.835	6.46335	20.9535
    }
}
{Volume "driver_triplex2"
    {Box 0.408701 4.92126 1.9685}
    {Bone "body_systems"}
    {Position 24.3698	-0.864755	20.8492}
}
{Volume "driver_triplex"
    {Box 0.413386 3.93701 1.9685}
    {Bone "body_systems"}
    {Matrix34
        0.752844	-0.658199	0
        0.658198	0.752844	0
        0	0	1
        23.2989	-13.1839	20.9708
    }
}
{Volume "engine"
    {Polyhedron "engine.vol"}
    {Bone "engine"}
    {Matrix34
        -0.007131	-0.999975	-2.40742e-05
        0.999969	-0.0071311	0.0033831
        -0.00338359	0	0.999994
        -0.304503	-1.65886	-18.3284
    }
}
{Volume "front_wheels"
    {Box 78.7402 3.93701 3.93701}
    {Bone "body_systems"}
    {Position -10.1493	-0.755758	-0.836495}
}
{Volume "fuel_tank_internal_a"
    {Box 11.811 9.84252 7.87402}
    {Bone "body_systems"}
    {Position -54.6037	-18.0484	8.51405}
}
{Volume "fuel_tank_internal_b"
    {Box 11.811 9.84252 7.87402}
    {Bone "body_systems"}
    {Position -54.5646	16.0483	8.25226}
}
{Volume "fuel_tank_internal_c"
    {Box 13.7795 9.84252 9.84252}
    {Bone "body_systems"}
    {Position -22.8863	-17.8416	7.50258}
}
{Volume "glass_f1"
    {Box 0.817188 9.25295 5.66963}
    {Bone "glass_f1"}
    {Matrix34
        0.00717548	0.467691	0.883864
        -0.999969	0.00626219	0.00480442
        -0.0032877	-0.88387	0.467721
        -0.161028	0.0394669	0.0748036
    }
}
{Volume "glass_f2"
    {Box 0.817188 9.25295 5.66963}
    {Bone "glass_f2"}
    {Matrix34
        0.0071753	0.467691	0.883863
        -0.999969	0.00626194	0.00480441
        -0.00328754	-0.88387	0.467721
        -0.131035	-0.0078156	0.112466
    }
}
{Volume "gunner_place"
    {Box 7.87402 7.87402 21.6535}
    {Bone "body_systems"}
    {Matrix34
        1.01322	0	0
        0	1.01322	0
        0	0	1.01322
        -6.00024	-0.681053	15.5993
    }
}
{Volume "hull_integrity"
    {Box 9.84252 9.84252 9.84252}
    {Bone "body_systems"}
    {Position -52.8625	-1.0519	2.09162}
}
{Volume "mgun"
    {Box 12.4016 1.37795 1.54331}
    {Bone "gun_rot"}
    {Matrix34
        0.751084	1.89871e-05	-0.00535632
        0.0053559	-0.00253941	0.751081
        0	-0.7511	-0.0025415
        3.21199	-0.00529367	-3.36976
    }
}
{Volume "panel_engine_connectors"
    {Box 59.0551 19.685 1.37795}
    {Bone "body_systems"}
    {Matrix34
        0.999971	0	0.00758782
        0	1	0
        -0.00758786	0	0.999972
        -3.03673	-2.57608	-2.9275
    }
}
{Volume "ppu"
    {Box 11.811 7.87402 7.87402}
    {Bone "body_systems"}
    {Position -27.0603	8.08337	10.1471}
}
{Volume "transmission"
    {Box 19.685 9.84252 9.84252}
    {Bone "body_systems"}
    {Position -28.5554	-1.69954	3.75893}
}
{Volume "turret_ring"
    {Cylinder 10.8268 1.9685}
    {Bone "body_systems"}
    {Matrix34
        1.17459	0	0.00891045
        0	1.17462	0
        -0.00891512	0	1.17459
        -8.76941	-1.27939	21.1965
    }
}
{Volume "turret"
    {Polyhedron "turret.vol"}
    {Bone "turret"}
    {Matrix34
        0	1	0
        -1	0	0
        0	0	1
        0.0237491	0.20629	-0.415501
    }
}
{Volume "volnorez"
    {Polyhedron "volnorez.vol"}
    {Bone "volnorez"}
    {Matrix34
        0.00713383	-0.999969	0.00338372
        0.719305	0.0074821	0.694655
        -0.694658	-0.00252181	0.719336
        -0.583664	-1.13882	-1.70366
    }
}
{Volume "wheelleft1"
    {Polyhedron "wheelleft1.vol"}
    {Bone "wheell1"}
    {Matrix34
        -0.999975	0	-0.00713008
        0.000529313	0.997232	-0.0743541
        0.00711042	-0.0743559	-0.997206
        0.242626	-0.265266	0.440582
    }
}
{Volume "wheelleft2"
    {Polyhedron "wheelleft2.vol"}
    {Bone "wheell2"}
    {Matrix34
        -0.999975	0	-0.00713104
        -9.22932e-05	0.999918	0.0128411
        0.00713044	0.0128414	-0.999892
        -0.257282	-0.125784	3.84096
    }
}
{Volume "wheelright1"
    {Polyhedron "wheelright1.vol"}
    {Bone "wheelr1"}
    {Matrix34
        0.999974	0	-0.00713041
        -0.000274278	-0.999258	-0.038518
        -0.00712514	0.0385189	-0.999232
        -0.20142	-0.080821	3.05719
    }
}
{Volume "wheelright2"
    {Polyhedron "wheelright2.vol"}
    {Bone "wheelr2"}
    {Matrix34
        0.999975	0	-0.00713095
        -0.000274055	-0.999258	-0.038517
        -0.00712568	0.038518	-0.999233
        0.237934	-0.165637	2.9386
    }
}
{Volume "gun"
    {Polyhedron "gun.vol"}
    {Bone "gun_rot"}
    {Orientation
        0.0317471	0.000886778	-0.999495
        -0.0279216	0.99961	0
        0.999106	0.0279075	0.0317597
    }
}
{Volume "gun2"
    {Polyhedron "gun2.vol"}
    {Bone "gun_rot"}
    {Matrix34
        0.99937	-0.0240437	-0.0260287
        0.0248441	0.999214	0.03086
        0.0252663	-0.0314873	0.999184
        14.25	3.65	-0.45
    }
}
