;MDL File generated by SOEdit Version Next (v0.7m4)
;Model created by: Timosh
;Date: Tue Dec 13 20:39:52 2016
;File: G:\Работа с Pheonix\Редактирование\Мои модели\Авиация\Су-34\su34 27.max
;Model create/rebuild by: Makimka
;Last build date: Tuesday 28 October 2024 [18:21:52]
{Skeleton
    {Animation
        {Sequence "basis" {Speed 0.1}}
        {Sequence "wheels" {Speed 0.1}}
        {Sequence "eject"}
        {Sequence "eject1"}
        {Sequence "flaps_off" {Speed 0.3}}
        {Sequence "nose_up" {Speed 0.1}}
        {Sequence "fly" {Speed 0.3}}
        {Sequence "damage_fly" {Speed 0.3}}
    }
    {Bone revolute "basis"
        {Parameters "SteerMax=45;Wheelradius=0.30;"}
        {Limits -0 0}
        {Orientation
            1	0	0
            0	-1	0
            0	0	1
        }
        {Bone "pivot_back"
            {Position -37.6479	0	0}
            {Bone "supportleft"
                {Parameters "support;"}
                {Position 1.58944	46.6599	7.24599}
            }
            {Bone "supportright"
                {Parameters "support;"}
                {Position 1.58945	-44.2176	7.56617}
            }
        }
        {Bone "pivot_front"
            {Position 93.7824	0	0}
            {Bone "supportfront"
                {Parameters "support;"}
                {Position -0.0752869	0	5.11673}
            }
        }
        {Bone revolute "rudder_proj"
            {Limits -20 20}
            {Speed 0.04}
            {Matrix34
                1	0	0
                0	-1	0
                0	0	-1
                4.58459	0	1.02293
            }
            {Bone revolute "elevator_proj"
                {Limits -20 20}
                {Speed 0.04}
                {Matrix34
                    1	0	0
                    0	0	1
                    0	-1	0
                    2.77382	0	0
                }
            }
        }
        {Bone "body"
            {Parameters "ID=body;"}
            {Matrix34
                0	1	0
                -1	0	0
                0	0	1
                3.16929	0.177155	73.3268
            }
            {VolumeView "body.ply"}
            {Bone "emit1"
                {Parameters "Group=crew;"}
                {Matrix34
                    -1	0	0
                    0	-1	0
                    0	0	1
                    31.6593	-72.5786	-73.3268
                }
            }
            {Bone "visor_radarx"
                {Matrix34
                    0	-1	0
                    1	0	0
                    0	0	1
                    1.96262	-245.162	-37.2715
                }
            }
            {Bone "chaff1_shooter"
                {Matrix34
                    0.122788	-0.707107	-0.696364
                    0.984808	0	0.173648
                    -0.122788	-0.707107	0.696364
                    4.1946	196.892	-26.2786
                }
            }
            {Bone "visor_driver"
                {Matrix34
                    0	-1	0
                    1	0	0
                    0	0	1
                    -0.810599	-155.781	-10.7477
                }
            }
            {Bone "flare2_shooter"
                {Matrix34
                    -0.0868228	-0.866026	-0.492404
                    0.984808	0	-0.173648
                    0.150384	-0.499999	0.852869
                    -3.78825	187.056	-26.7522
                }
            }
            {Bone "flare1_shooter"
                {Matrix34
                    0.0868246	-0.866026	-0.492403
                    0.984808	0	0.173648
                    -0.150384	-0.5	0.852869
                    4.08852	187.018	-26.4302
                }
            }
            {Bone "catapult"
                {Matrix34
                    0	-1	0
                    1	0	0
                    0	0	1
                    8.06852	-113.291	-18.1221
                }
                {VolumeView "catapult.ply"}
                {Bone "driver"
                    {Matrix34
                        0.965926	0	0.258819
                        0	1	0
                        -0.258819	0	0.965926
                        3.46568	0.282733	-6.46855
                    }
                }
                {Bone "fx_eject"
                    {Matrix34
                        -0.819152	0	-0.573576
                        0	1	0
                        0.573576	0	-0.819152
                        -9.66133	0.0238419	5.58719
                    }
                }
            }
            {Bone revolute "gun_rot1"
                {Limits -5 5}
                {Speed 0.03}
                {Matrix34
                    0	-1	0
                    1	0	0
                    0	0	1
                    -22.9625	-79.1489	-19.4258
                }
                {Bone revolute "gun_rot"
                    {Limits -5 5}
                    {Speed 0.03}
                    {Matrix34
                        1	0	0
                        0	0	-1
                        0	1	0
                        0.618073	0	0.0580482
                    }
                    {Bone "foresight1"
                        {Matrix34
                            1	0	0
                            0	0	1
                            0	-1	0
                            -0.973618	-0.209049	0.111053
                        }
                    }
                }
            }
            {Bone "chaff2_shooter"
                {Matrix34
                    -0.122788	-0.707107	-0.696364
                    0.984808	0	-0.173648
                    0.122787	-0.707107	0.696364
                    -3.68917	197.202	-26.4381
                }
            }
            {Bone revolute "foresight_flare_1a"
                {Matrix34
                    0	-1	0
                    1	0	0
                    0	0	1
                    0.42987	95.2355	-55.708
                }
                {Bone revolute "foresight_flare_1"
                    {Position 0	0	-1.80884}
                }
            }
            {Bone "wheel_right_support2"
                {Parameters "ID=body;"}
                {Matrix34
                    0	-1	0
                    1	0	0
                    0	0	1
                    -35.039	40.5628	-26.5604
                }
                {VolumeView "wheel_right_support2.ply"}
                {Bone "wheel_right_support5"
                    {Parameters "ID=body;"}
                    {Matrix34
                        0.819152	0.573576	0
                        -0.496732	0.709406	0.5
                        0.286788	-0.409576	0.866025
                        -4.00647	1.18427	-19.8034
                    }
                    {VolumeView "wheel_right_support5.ply"}
                }
                {Bone "wheel_right_support1"
                    {Parameters "ID=body;"}
                    {Matrix34
                        0.991552	0	-0.129712
                        0	1	0
                        0.129712	0	0.991552
                        -2.38462	-1.96041	-26.2057
                    }
                    {VolumeView "wheel_right_support1.ply"}
                    {Bone "wheel_right_support"
                        {Parameters "ID=body;"}
                        {Matrix34
                            0.991552	0	0.129712
                            0	1	0
                            -0.129712	0	0.991552
                            2.49631	-4.67014	-10.7093
                        }
                        {VolumeView "wheel_right_support.ply"}
                        {Bone revolute "wheel_right1"
                            {Parameters "ID=wheel_right;Wheelradius=0.5;"}
                            {Matrix34
                                1	0	0
                                0	0	-1
                                0	1	0
                                -10.1458	-2.50946	-0.167721
                            }
                            {VolumeView "wheel_right1.ply"}
                        }
                        {Bone revolute "wheel_right"
                            {Parameters "ID=wheel_right;Wheelradius=0.5;"}
                            {Matrix34
                                1	0	0
                                0	0	-1
                                0	1	0
                                10.8144	-2.52608	-0.395203
                            }
                            {VolumeView "wheel_right.ply"}
                        }
                        {Bone "fxtraceright"
                            {Position 1.48251	-3.06558	-8.93056}
                        }
                        {Bone "wheel_right_support1a"
                            {Parameters "ID=body;"}
                            {Position -3.08073	4.67014	-0.00760174}
                            {VolumeView "wheel_right_support1a.ply"}
                        }
                    }
                    {Bone "wheel_right_support1b"
                        {Parameters "ID=body;"}
                        {Matrix34
                            0.991552	0	0.129712
                            0	1	0
                            -0.129712	0	0.991552
                            -0.310543	0	3.35994
                        }
                        {VolumeView "wheel_right_support1b.ply"}
                    }
                }
            }
            {Bone "part8"
                {Parameters "ID=body;"}
                {Matrix34
                    0.0532596	-0.988931	0.138491
                    0.98999	0.0704441	0.122304
                    -0.130706	0.130591	0.982783
                    -41.3882	34.784	-24.0196
                }
                {VolumeView "part8.ply"}
            }
            {Bone "part6"
                {Parameters "ID=body;"}
                {Matrix34
                    0	-1	0
                    1	0	0
                    0	0	1
                    -43.2029	-1.38435	-21.843
                }
                {VolumeView "part6.ply"}
            }
            {Bone "part6a"
                {Parameters "ID=body;"}
                {Matrix34
                    0	-1	0
                    1	0	0
                    0	0	1
                    -38.0853	-0.428128	-23.9813
                }
                {VolumeView "part6a.ply"}
            }
            {Bone "wheel_right_support4"
                {Parameters "ID=body;"}
                {Matrix34
                    -0.0499581	-0.98357	-0.173477
                    0.998751	-0.0493886	-0.00760034
                    -0.00109231	-0.17364	0.984809
                    -37.2807	64.7528	-30.9699
                }
                {VolumeView "wheel_right_support4.ply"}
                {Bone "wheel_right_support3"
                    {Parameters "ID=body;"}
                    {Position 15.8769	0.617912	0.295172}
                    {VolumeView "wheel_right_support3.ply"}
                }
            }
            {Bone "wheel_left_support2"
                {Parameters "ID=body;"}
                {Matrix34
                    0	-1	0
                    1	0	0
                    0	0	1
                    34.9905	40.5096	-26.5604
                }
                {VolumeView "wheel_left_support2.ply"}
                {Bone "wheel_left_support5"
                    {Parameters "ID=body;"}
                    {Matrix34
                        0.866025	-0.5	0
                        0.453154	0.784886	-0.422618
                        0.211309	0.365998	0.906308
                        -4.01146	-1.02954	-19.8034
                    }
                    {VolumeView "wheel_left_support5.ply"}
                }
                {Bone "wheel_left_support1"
                    {Parameters "ID=body;"}
                    {Matrix34
                        0.991552	0	-0.129712
                        0	1	0
                        0.129712	0	0.991552
                        -2.38008	1.96381	-26.1986
                    }
                    {VolumeView "wheel_left_support1.ply"}
                    {Bone "wheel_left_support"
                        {Parameters "ID=body;"}
                        {Matrix34
                            0.991552	0	0.129712
                            0	1	0
                            -0.129712	0	0.991552
                            2.49713	4.66972	-10.7163
                        }
                        {VolumeView "wheel_left_support.ply"}
                        {Bone revolute "wheel_left1"
                            {Parameters "ID=wheel_left;Wheelradius=0.5;"}
                            {Matrix34
                                1	0	0
                                0	0	-1
                                0	1	0
                                -10.1347	2.5261	-0.167759
                            }
                            {VolumeView "wheel_left1.ply"}
                        }
                        {Bone revolute "wheel_left"
                            {Parameters "ID=wheel_left;Wheelradius=0.5;"}
                            {Matrix34
                                1	0	0
                                0	0	-1
                                0	1	0
                                10.8257	2.50951	-0.395241
                            }
                            {VolumeView "wheel_left.ply"}
                        }
                        {Bone "fxtraceleft"
                            {Position 1.42487	3.21573	-8.9306}
                        }
                        {Bone "wheel_left_support1a"
                            {Parameters "ID=body;"}
                            {Position -3.08065	-4.66971	-0.000575066}
                            {VolumeView "wheel_left_support1a.ply"}
                        }
                    }
                    {Bone "wheel_left_support1b"
                        {Parameters "ID=body;"}
                        {Matrix34
                            0.991552	0	0.129712
                            0	1	0
                            -0.129712	0	0.991552
                            -0.310543	0	3.35994
                        }
                        {VolumeView "wheel_left_support1b.ply"}
                    }
                }
            }
            {Bone "part7"
                {Parameters "ID=body;"}
                {Matrix34
                    -0.0589388	-0.991132	0.119092
                    0.998237	-0.0593613	0
                    0.00706944	0.118882	0.992883
                    41.3403	34.7087	-24.0196
                }
                {VolumeView "part7.ply"}
            }
            {Bone "part5"
                {Parameters "ID=body;"}
                {Matrix34
                    0	-1	0
                    1	0	0
                    0	0	1
                    43.0656	-1.46466	-21.8808
                }
                {VolumeView "part5.ply"}
            }
            {Bone "part5a"
                {Parameters "ID=body;"}
                {Matrix34
                    0	-1	0
                    1	0	0
                    0	0	1
                    37.9533	-0.494357	-24.0522
                }
                {VolumeView "part5a.ply"}
            }
            {Bone "wheel_left_support4"
                {Parameters "ID=body;"}
                {Matrix34
                    0.0381358	-0.98409	-0.173528
                    0.999273	0.0376134	0.00629912
                    0.000328073	-0.173642	0.984809
                    37.2559	64.6947	-30.9699
                }
                {VolumeView "wheel_left_support4.ply"}
                {Bone "wheel_left_support3"
                    {Parameters "ID=body;"}
                    {Position 15.876	-0.626755	0.295029}
                    {VolumeView "wheel_left_support3.ply"}
                }
            }
            {Bone "wheel_front_support2"
                {Parameters "ID=body;"}
                {Matrix34
                    0	-1	0
                    1	0	0
                    0	0	1
                    -0.142893	-122.926	-32.4202
                }
                {VolumeView "wheel_front_support2.ply"}
                {Bone "wheel_front_support1"
                    {Parameters "ID=body;"}
                    {Position -8.24662	0.00366974	-3.22443}
                    {VolumeView "wheel_front_support1.ply"}
                }
            }
            {Bone "part3"
                {Parameters "ID=body;"}
                {Matrix34
                    0	-0.999028	-0.04409
                    1	0	0
                    0	-0.04409	0.999028
                    8.39355	-58.9412	-26.6573
                }
                {VolumeView "part3.ply"}
            }
            {Bone "part4"
                {Parameters "ID=body;"}
                {Matrix34
                    0	-0.999028	-0.04409
                    1	0	0
                    0	-0.04409	0.999028
                    -8.74838	-58.9274	-26.6632
                }
                {VolumeView "part4.ply"}
            }
            {Bone "part1"
                {Parameters "ID=body;"}
                {Matrix34
                    -0.0870486	-0.971223	-0.221695
                    0.996195	-0.0858322	-0.0151342
                    -0.00432988	-0.222169	0.974999
                    7.56979	-84.4285	-27.9343
                }
                {VolumeView "part1.ply"}
            }
            {Bone "part2"
                {Parameters "ID=body;"}
                {Matrix34
                    0.0870483	-0.971223	-0.221695
                    0.996195	0.0858318	0.0151345
                    0.00432956	-0.222169	0.974999
                    -8.27244	-84.4162	-27.9321
                }
                {VolumeView "part2.ply"}
            }
            {Bone "wheel_front_support"
                {Parameters "ID=body;"}
                {Matrix34
                    0	-1	0
                    1	0	0
                    0	0	1
                    -0.12796	-93.789	-27.2683
                }
                {VolumeView "wheel_front_support.ply"}
                {Bone revolute "steer_l"
                    {Parameters "ID=body;"}
                    {Matrix34
                        1	0	0
                        0	-1	0
                        0	0	-1
                        -0.399384	-0.00186157	-31.898
                    }
                    {VolumeView "steer_l.ply"}
                    {Bone revolute "wheel_front"
                        {Parameters "ID=wheel_front;Wheelradius=0.2;"}
                        {Matrix34
                            1	0	0
                            0	0	1
                            0	-1	0
                            -6.0687	-0.00482067	7.33133
                        }
                        {VolumeView "wheel_front.ply"}
                    }
                    {Bone "fxtracefront"
                        {Matrix34
                            1	0	0
                            0	-1	0
                            0	0	-1
                            -6.23198	0.211201	14.1647
                        }
                    }
                }
                {Bone "headlightl"
                    {Matrix34
                        0.996195	0	-0.0871557
                        0	1	0
                        0.0871557	0	0.996195
                        2.51233	3.688	-20.0888
                    }
                }
                {Bone "headlightr"
                    {Matrix34
                        0.996195	0	-0.0871557
                        0	1	0
                        0.0871557	0	0.996195
                        2.51136	-3.39132	-20.0999
                    }
                }
                {Bone "fxlight"
                    {Matrix34
                        0.996195	0	-0.0871557
                        0	1	0
                        0.0871557	0	0.996195
                        2.50735	0.378782	-20.1458
                    }
                }
            }
            {Bone revolute "elevator4"
                {Parameters "ID=body;"}
                {Limits -51.5 13.5}
                {Speed 0.27}
                {Matrix34
                    0	-1	0
                    0	0	1
                    -1	0	0
                    -39.6457	-45.5183	-21.455
                }
                {VolumeView "elevator4.ply"}
            }
            {Bone "platan"
                {Parameters "ID=body;"}
                {Position -0.0806618	-24.5515	-27.67}
                {VolumeView "platan.ply"}
                {Bone "visor_ols"
                    {Matrix34
                        0	-1	0
                        1	0	0
                        0	0	1
                        -0.729919	-14.9787	-2.47277
                    }
                }
            }
            {Bone "glass2"
                {Parameters "ID=body;"}
                {Matrix34
                    0	-1	0
                    1	0	0
                    0	0	1
                    -0.141846	-132.719	-5.05252
                }
                {VolumeView "glass2.ply"}
            }
            {Bone "catapult1"
                {Matrix34
                    0	-1	0
                    1	0	0
                    0	0	1
                    -8.4727	-113.291	-18.1221
                }
                {VolumeView "catapult1.ply"}
                {Bone "fx_eject1"
                    {Matrix34
                        -0.819152	0	-0.573576
                        0	1	0
                        0.573576	0	-0.819152
                        -9.66133	0.843626	5.58719
                    }
                }
                {Bone "driver1"
                    {Matrix34
                        0.965926	0	0.258819
                        0	1	0
                        -0.258819	0	0.965926
                        3.46567	0.0890179	-6.46855
                    }
                }
            }
            {Bone "ils"
                {Parameters "ID=body;"}
                {Matrix34
                    0	-1	0
                    1	0	0
                    0	0	1
                    8.12455	-124.985	-5.54758
                }
                {VolumeView "ils.ply"}
            }
            {Bone revolute "elevator3"
                {Parameters "ID=body;"}
                {Limits -51.5 13.5}
                {Speed 0.27}
                {Matrix34
                    0	-1	0
                    0	0	1
                    -1	0	0
                    39.2913	-45.5183	-21.455
                }
                {VolumeView "elevator3.ply"}
            }
            {Bone "fonar"
                {Parameters "ID=body;"}
                {Position 9.23763	-110.514	-2.61958}
                {VolumeView "fonar.ply"}
                {Bone "glass"
                    {Parameters "ID=body;"}
                    {Matrix34
                        0	-1	0
                        1	0	0
                        0	0	1
                        -9.37947	-22.2056	-2.43294
                    }
                    {VolumeView "glass.ply"}
                }
            }
            {Bone "fonar1"
                {Parameters "ID=body;"}
                {Position -9.59291	-110.525	-2.63071}
                {VolumeView "fonar1.ply"}
                {Bone "glass1"
                    {Parameters "ID=body;"}
                    {Matrix34
                        0	-1	0
                        1	0	0
                        0	0	1
                        9.45107	-22.1943	-2.42183
                    }
                    {VolumeView "glass1.ply"}
                }
            }
            {Bone "wingl1"
                {Parameters "ID=wingl1;"}
                {Position 80.5153	48.7418	-21.2758}
                {VolumeView "wingl1.ply"}
                {Bone revolute "aileron1"
                    {Parameters "ID=wingl1;"}
                    {Limits -35 20}
                    {Speed 0.07}
                    {Matrix34
                        0.306989	-0.809789	0.5
                        -0.17724	0.467532	0.866025
                        -0.935063	-0.354481	0
                        -5.16383	32.7161	2.25551
                    }
                    {VolumeView "aileron1.ply"}
                }
                {Bone "wingfront1"
                    {Parameters "ID=wingl1;"}
                    {Matrix34
                        0.54422	-0.673665	-0.5
                        0.777881	0.628411	0
                        0.314206	-0.388941	0.866025
                        15.1971	-4.61537	1.93843
                    }
                    {VolumeView "wingfront1.ply"}
                }
                {Bone "fxfire_wingl1_2"
                    {Matrix34
                        0	-1	0
                        1	0	0
                        0	0	1
                        15.2779	15.9049	-0.026268
                    }
                }
                {Bone "fxfire_wingl1_1"
                    {Matrix34
                        0	-1	0
                        1	0	0
                        0	0	1
                        -18.0002	-4.16446	-0.026268
                    }
                }
                {Bone "bomb_pilon00"
                    {Matrix34
                        -0.00661129	-0.713588	-0.00544933
                        -0.98033	0.00903694	0.00597322
                        -0.00576697	0.00736582	-0.957551
                        -80.2368	33.92	-10.84
                    }
                    {VolumeView "bomb_pilon03.ply"}
                    {Bone "ympk_body_00"
                        {Matrix34
                            2.00457	-0.00578312	-0.0558073
                            0.0694541	-2.82313	-0.0387649
                            -0.0621232	0.0719046	-2.65234
                            -13.09	-0.819987	34.9199
                        }
                        {VolumeView "ympk_body.ply"}
                        {Bone "fab500_m62"
                            {Position 0.201553	0.00253994	7.39839}
                            {VolumeView "fab500_m62.ply"}
                            {Bone "tail"
                                {Matrix34
                                    -1	0	0
                                    0	0	1
                                    0	1	0
                                    -24.8074	-0.00253725	0.176408
                                }
                            }
                        }
                        {Bone "wing_l"
                            {Position 11.955	0.00676916	0.889011}
                            {VolumeView "wing_l.ply"}
                        }
                        {Bone "wing_r"
                            {Matrix34
                                1	0	0
                                0	-1	0
                                0	0	1
                                11.955	0.00677837	0.241075
                            }
                            {VolumeView "wing_r.ply"}
                        }
                    }
                }
                {Bone "bomb_pilon03"
                    {Matrix34
                        0	-0.999969	0.00790922
                        1	0	0
                        0	0.00790922	0.999969
                        -12.2793	-2.36146	-6.30831
                    }
                    {VolumeView "bomb_pilon03.ply"}
                }
                {Bone "wingl2"
                    {Parameters "ID=wingl2;"}
                    {Position 35.9303	33.4138	-0.500351}
                    {VolumeView "wingl2.ply"}
                    {Bone "fxfire_wingl2_1"
                        {Matrix34
                            0	-1	0
                            1	0	0
                            0	0	1
                            -12.7511	-5.78242	0.95462
                        }
                    }
                    {Bone "ecm"
                        {Parameters "ID=ECM_pod;"}
                        {Matrix34
                            0	-0.999396	-0.0347513
                            1	0	0
                            0	-0.0347513	0.999396
                            27.9081	-7.94307	-3.03968
                        }
                        {VolumeView "ecm.ply"}
                    }
                    {Bone "apu-73_00"
                        {Matrix34
                            0	-0.99863	-0.052336
                            1	0	0
                            0	-0.052336	0.99863
                            4.244	-2.5265	-3.06737
                        }
                        {VolumeView "apu-73_00.ply"}
                        {Bone "shooter_r73rvvsd_00"
                            {Position 78.2885	1.31061	-5.35368}
                        }
                    }
                }
            }
            {Bone "wingr1"
                {Parameters "ID=wingr1;"}
                {Position -76.117	45.721	-21.213}
                {VolumeView "wingr1.ply"}
                {Bone "wingfront2"
                    {Parameters "ID=wingl2;"}
                    {Matrix34
                        -0.55137	-0.667826	-0.5
                        0.771139	-0.636667	0
                        -0.318333	-0.38557	0.866025
                        -8.29684	-10.5744	1.87567
                    }
                    {VolumeView "wingfront2.ply"}
                }
                {Bone revolute "aileron2"
                    {Parameters "ID=wingr1;"}
                    {Limits -20 35}
                    {Speed 0.07}
                    {Matrix34
                        -0.327755	-0.801609	0.5
                        -0.189229	-0.462809	-0.866025
                        0.925618	-0.378459	0
                        3.99388	34.6771	2.19275
                    }
                    {VolumeView "aileron2.ply"}
                }
                {Bone "fxfire_wingr1_1"
                    {Matrix34
                        0	-1	0
                        -1	0	0
                        0	0	1
                        19.3595	2.17237	-0.878288
                    }
                }
                {Bone "fxfire_wingr1_2"
                    {Matrix34
                        0	-1	0
                        -1	0	0
                        0	0	1
                        -17.8199	24.4947	-1.63862
                    }
                }
                {Bone "bomb_pilon01"
                    {Matrix34
                        0	-0.999969	0.0079093
                        1	0	0
                        0	0.0079093	0.999969
                        -13.9732	11.8	-6.37107
                    }
                    {VolumeView "bomb_pilon02.ply"}
                }
                {Bone "bomb_pilon02"
                    {Matrix34
                        0	-0.999969	0.0079093
                        1	0	0
                        0	0.0079093	0.999969
                        7.89951	0.659378	-6.37107
                    }
                    {VolumeView "bomb_pilon02.ply"}
                }
                {Bone "wingr2"
                    {Parameters "ID=wingr2;"}
                    {Position -42.6793	36.6542	-0.556931}
                    {VolumeView "wingr2.ply"}
                    {Bone "fxfire_wingr2_1"
                        {Matrix34
                            0	-1	0
                            -1	0	0
                            0	0	1
                            7.19238	0.966759	-1.49999
                        }
                    }
                    {Bone "ecm1"
                        {Parameters "ID=ECM_pod;"}
                        {Matrix34
                            0	-0.999396	-0.0347513
                            1	0	0
                            0	-0.0347513	0.999396
                            -25.6462	-8.15228	-3.34456
                        }
                        {VolumeView "ecm1.ply"}
                        {Bone "ecm_pod_emitter"
                            {Matrix34
                                0.999396	0	0.0347511
                                0	1	0
                                -0.0347511	0	0.999396
                                41.6324	-3.21255	3.81049
                            }
                        }
                        {Bone "ecm_pod_emitter1"
                            {Matrix34
                                0.999396	0	0.0347511
                                0	1	0
                                -0.0347511	0	0.999396
                                -0.38237	-3.21255	2.34953
                            }
                        }
                        {Bone "ecm_pod_emitter2"
                            {Matrix34
                                0.999396	0	0.0347511
                                0	1	0
                                -0.0347511	0	0.999396
                                -45.4931	-3.21255	2.70397
                            }
                        }
                    }
                    {Bone "apu-73_01"
                        {Matrix34
                            0	-0.99863	-0.052336
                            1	0	0
                            0	-0.052336	0.99863
                            -1.89717	-2.74609	-3.07355
                        }
                        {VolumeView "apu-73_01.ply"}
                        {Bone "shooter_r73rvvsd_01"
                            {Position 78.2886	0.100395	-5.35368}
                        }
                    }
                }
            }
            {Bone "tail1"
                {Parameters "ID=tail_l;"}
                {Position 41.4242	114.501	24.2168}
                {VolumeView "tail1.ply"}
                {Bone revolute "rudder1"
                    {Parameters "ID=tail1;"}
                    {Limits -25 25}
                    {Speed 0.07}
                    {Matrix34
                        0	-0.968942	0.247286
                        1	0	0
                        0	0.247286	0.968942
                        0.198658	8.21868	-20.5971
                    }
                    {VolumeView "rudder1.ply"}
                }
            }
            {Bone "emit2"
                {Parameters "Group=crew;"}
                {Position -28.4601	-72.5786	-73.3268}
            }
            {Bone "node1"
                {Parameters "Group=crew;"}
                {Matrix34
                    0	-1	0
                    1	0	0
                    0	0	1
                    -0.177167	-75.7254	-73.3268
                }
            }
            {Bone "node3"
                {Parameters "Group=crew;"}
                {Matrix34
                    0	-1	0
                    1	0	0
                    0	0	1
                    -0.177169	-86.948	-34.1889
                }
            }
            {Bone revolute "aileron7"
                {Limits -10 10}
                {Speed 0.07}
                {Matrix34
                    0	-1	0
                    0	0	1
                    -1	0	0
                    45.3741	135.177	-29.5669
                }
                {Bone revolute "elevator1"
                    {Parameters "ID=body;"}
                    {Limits -15 20}
                    {Speed 0.27}
                    {Position 0	-1.52588e-05	0}
                    {VolumeView "elevator1.ply"}
                }
            }
            {Bone revolute "aileron8"
                {Limits -10 10}
                {Speed 0.07}
                {Matrix34
                    0	-1	0
                    0	0	-1
                    1	0	0
                    -45.7283	135.177	-29.5669
                }
                {Bone revolute "elevator2"
                    {Parameters "ID=body;"}
                    {Limits -15 20}
                    {Speed 0.27}
                    {Matrix34
                        1	0	0
                        0	-1	0
                        0	0	-1
                        0	-1.52588e-05	0
                    }
                    {VolumeView "elevator2.ply"}
                }
            }
            {Bone "body_systems"
                {Matrix34
                    0	-1	0
                    1	0	0
                    0	0	1
                    2.6355	-82.4236	-7.19275
                }
            }
            {Bone "engine1_exhaust"
                {Matrix34
                    0	1	0
                    -1	0	0
                    0	0	1
                    23.7521	169.096	-27.2401
                }
            }
            {Bone "engine2_exhaust"
                {Matrix34
                    0	1	0
                    -1	0	0
                    0	0	1
                    -23.503	169.096	-27.2401
                }
            }
            {Bone "fxfire_body_4"
                {Matrix34
                    0	-1	0
                    1	0	0
                    0	0	1
                    -39.3398	44.3246	-21.6759
                }
            }
            {Bone "fxfire_body_3"
                {Matrix34
                    0	-1	0
                    1	0	0
                    0	0	1
                    40.9148	41.0469	-20.5443
                }
            }
            {Bone "fxfire_body_1"
                {Matrix34
                    0	-1	0
                    1	0	0
                    0	0	1
                    -6.25743	144.717	-25.8097
                }
            }
            {Bone "fxsmoke3"
                {Matrix34
                    0	-1	0
                    1	0	0
                    0	0	1
                    10.6427	68.5991	-18.1407
                }
            }
            {Bone "fxsmoke2"
                {Matrix34
                    0	-1	0
                    1	0	0
                    0	0	1
                    -11.5864	-3.30053	-18.7584
                }
            }
            {Bone "fxsmoke1"
                {Matrix34
                    0	-1	0
                    1	0	0
                    0	0	1
                    5.22462	-87.1374	-15.7064
                }
            }
            {Bone "fxfire_body_2"
                {Matrix34
                    0	-1	0
                    1	0	0
                    0	0	1
                    -0.013092	-124.272	-10.4469
                }
            }
            {Bone "enumerator"
                {Matrix34
                    1	0	0
                    0	0.996195	0.0871559
                    0	-0.0871563	0.996195
                    18.017	-108.696	-19.6136
                }
                {VolumeView "enumerator.ply"}
            }
            {Bone "enumerator1"
                {Matrix34
                    -1	0	0
                    0	-0.996195	-0.0871556
                    0	-0.0871553	0.996195
                    -19.4077	-113.837	-19.6136
                }
                {VolumeView "enumerator1.ply"}
            }
            {Bone "node2"
                {Parameters "Group=crew;"}
                {Matrix34
                    0	-1	0
                    1	0	0
                    0	0	1
                    -0.177169	-86.948	-59.1134
                }
            }
            {Bone revolute "missile_rot"
                {Limits -30 30}
                {Speed 0.05}
                {Matrix34
                    0	-1	0
                    1	0	0
                    0	0	1
                    -0.177162	-49.0938	-48.7186
                }
                {Bone revolute "missile_rot1"
                    {Limits -30 30}
                    {Speed 0.05}
                    {Matrix34
                        1	0	0
                        0	0	-1
                        0	1	0
                        1.2073	0	1.59463
                    }
                    {Bone "foresight3"
                        {Matrix34
                            1	0	0
                            0	0	1
                            0	-1	0
                            187.6	2.4182	0.21692
                        }
                    }
                }
            }
            {Bone revolute "missile1_rot"
                {Limits -15 15}
                {Speed 0.05}
                {Matrix34
                    0	-1	0
                    1	0	0
                    0	0	1
                    0.364321	-56.5478	-54.0183
                }
                {Bone revolute "missile1_rot1"
                    {Limits -15 15}
                    {Speed 0.05}
                    {Matrix34
                        1	0	0
                        0	0	-1
                        0	1	0
                        1.2073	0	1.59463
                    }
                    {Bone "foresight4"
                        {Matrix34
