;MDL File generated by SOEdit Version Next (v0.7m4)
;Model created by: ??????
;Date: Sat Sep 16 21:34:37 2017
;File: G:\?????? ???\----????? 72\?????? ?-72\?-72?\T-72?_CCC?.max
;Model create/rebuild by: Makimka
;Last build date: Friday 4 April 2024 [20:55:14]
{Skeleton
    {Animation
        {Sequence "start"}
        {Sequence "stop"}
        {Sequence "fire"}
        {Sequence "open"}
        {Sequence "open1" {Speed 0.3}}
        {Sequence "fire_front" {Speed 0.7}}
        {Sequence "fire_left" {Speed 0.7}}
        {Sequence "fire_right" {Speed 0.7}}
        {Sequence "fire_back" {Speed 0.7}}
        {Sequence "open_driver" {Speed 0.2} {Resume}}
    }
    {Bone revolute "basis"
        {Parameters "Wheelradius=0.45;"}
        {Limits -0 0}
        {Orientation
            1	0	0
            0	-1	0
            0	0	1
        }
        {Bone "wheel"
            {Position 2.83891	2.71528	3.98532}
            {Bone "wheelsr"
                {Position 0	-25.0641	0}
                {Bone prizmatic "suspension_r3"
                    {Limits -0.2 0.1}
                    {Matrix34
                        0	-1	0
                        1	0	0
                        0	0	1
                        11.5575	-1.68983	4.95027
                    }
                    {Bone revolute "wheelr4"
                        {Parameters "ID=trackright;"}
                        {Matrix34
                            0	1	0
                            0	0	-1
                            -1	0	0
                            3.95942	-1.23259	0.0187578
                        }
                        {LODView
                            {VolumeView "wheelr5.ply"}
                            {VolumeView "wheelr4_lod1.ply"}
                        }
                    }
                }
                {Bone prizmatic "suspension_r2"
                    {Limits -0.2 0.1}
                    {Matrix34
                        0	-1	0
                        1	0	0
                        0	0	1
                        28.5231	-1.68982	4.95027
                    }
                    {Bone revolute "wheelr3"
                        {Parameters "ID=trackright;"}
                        {Matrix34
                            0	1	0
                            0	0	-1
                            -1	0	0
                            4.61012	-1.54663	0.000597
                        }
                        {LODView
                            {VolumeView "wheelr5.ply"}
                            {VolumeView "wheelr4_lod1.ply"}
                        }
                    }
                }
                {Bone prizmatic "suspension_r1"
                    {Limits -0.2 0.1}
                    {Matrix34
                        0	-1	0
                        1	0	0
                        0	0	1
                        45.4242	-1.68983	4.95027
                    }
                    {Bone revolute "wheelr2"
                        {Parameters "ID=trackright;"}
                        {Matrix34
                            0	1	0
                            0	0	-1
                            -1	0	0
                            4.61011	-1.11421	0.00060463
                        }
                        {LODView
                            {VolumeView "wheelr5.ply"}
                            {VolumeView "wheelr4_lod1.ply"}
                        }
                    }
                }
                {Bone prizmatic "suspension_r5"
                    {Limits -0.2 0.1}
                    {Matrix34
                        0	-1	0
                        1	0	0
                        0	0	1
                        -22.2572	-1.68982	4.95027
                    }
                    {Bone revolute "wheelr6"
                        {Parameters "ID=trackright;"}
                        {Matrix34
                            0	1	0
                            0	0	-1
                            -1	0	0
                            4.61014	-1.61055	0.000591278
                        }
                        {LODView
                            {VolumeView "wheelr5.ply"}
                            {VolumeView "wheelr4_lod1.ply"}
                        }
                    }
                }
                {Bone prizmatic "suspension_r6"
                    {Limits -0.2 0.1}
                    {Matrix34
                        0	-1	0
                        1	0	0
                        0	0	1
                        -39.8438	-1.68983	4.95027
                    }
                    {Bone revolute "wheelr7"
                        {Parameters "ID=trackright;"}
                        {Matrix34
                            0	1	0
                            0	0	-1
                            -1	0	0
                            4.61015	-1.04275	0.000594139
                        }
                        {LODView
                            {VolumeView "wheelr5.ply"}
                            {VolumeView "wheelr4_lod1.ply"}
                        }
                    }
                }
                {Bone prizmatic "suspension_r4"
                    {Limits -0.2 0.1}
                    {Matrix34
                        0	-1	0
                        1	0	0
                        0	0	1
                        -5.22813	-1.68982	4.95027
                    }
                    {Bone revolute "wheelr5"
                        {Parameters "ID=trackright;"}
                        {Matrix34
                            0	1	0
                            0	0	-1
                            -1	0	0
                            4.01867	-1.70062	0.0160313
                        }
                        {LODView
                            {VolumeView "wheelr5.ply"}
                            {VolumeView "wheelr4_lod1.ply"}
                        }
                    }
                }
                {Bone "trackr"
                    {Parameters "ID=trackright;"}
                    {Matrix34
                        -1	0	0
                        0	-1	0
                        0	0	1
                        0.656983	-5.84356	7.10295
                    }
                    {VolumeView "trackr.ply"}
                }
            }
            {Bone "wheelsl"
                {Position 0	19.1988	0}
                {Bone prizmatic "suspension_l6"
                    {Limits -0.2 0.1}
                    {Matrix34
                        0	-1	0
                        1	0	0
                        0	0	1
                        -40.6566	1.55005	4.95027
                    }
                    {Bone revolute "wheell7"
                        {Parameters "ID=trackleft;"}
                        {Matrix34
                            0	1	0
                            0	0	-1
                            -1	0	0
                            -4.67079	-0.0336647	0.0196247
                        }
                        {LODView
                            {VolumeView "wheell5.ply"}
                            {VolumeView "wheell4_lod1.ply"}
                        }
                    }
                }
                {Bone prizmatic "suspension_l4"
                    {Limits -0.2 0.1}
                    {Matrix34
                        0	-1	0
                        1	0	0
                        0	0	1
                        -6.04093	1.55006	4.95027
                    }
                    {Bone revolute "wheell5"
                        {Parameters "ID=trackleft;"}
                        {Matrix34
                            0	1	0
                            0	0	-1
                            -1	0	0
                            -4.07462	-0.120426	0.0160313
                        }
                        {LODView
                            {VolumeView "wheell5.ply"}
                            {VolumeView "wheell4_lod1.ply"}
                        }
                    }
                }
                {Bone prizmatic "suspension_l3"
                    {Limits -0.2 0.1}
                    {Matrix34
                        0	-1	0
                        1	0	0
                        0	0	1
                        10.7447	1.55005	4.95027
                    }
                    {Bone revolute "wheell4"
                        {Parameters "ID=trackleft;"}
                        {Matrix34
                            0	1	0
                            0	0	-1
                            -1	0	0
                            -4.13388	-0.0920677	0.0187578
                        }
                        {LODView
                            {VolumeView "wheell5.ply"}
                            {VolumeView "wheell4_lod1.ply"}
                        }
                    }
                }
                {Bone prizmatic "suspension_l2"
                    {Limits -0.2 0.1}
                    {Matrix34
                        0	-1	0
                        1	0	0
                        0	0	1
                        27.7103	1.55006	4.95027
                    }
                    {Bone revolute "wheell3"
                        {Parameters "ID=trackleft;"}
                        {Matrix34
                            0	1	0
                            0	0	-1
                            -1	0	0
                            -4.13384	-0.0686512	0.0187654
                        }
                        {LODView
                            {VolumeView "wheell5.ply"}
                            {VolumeView "wheell4_lod1.ply"}
                        }
                    }
                }
                {Bone prizmatic "suspension_l1"
                    {Limits -0.2 0.1}
                    {Matrix34
                        0	-1	0
                        1	0	0
                        0	0	1
                        44.6114	1.55005	4.95027
                    }
                    {Bone revolute "wheell2"
                        {Parameters "ID=trackleft;"}
                        {Matrix34
                            0	1	0
                            0	0	-1
                            -1	0	0
                            -4.67079	-0.0637093	0.0196323
                        }
                        {LODView
                            {VolumeView "wheell5.ply"}
                            {VolumeView "wheell4_lod1.ply"}
                        }
                    }
                }
                {Bone "trackl"
                    {Parameters "ID=trackleft;"}
                    {Matrix34
                        -1	0	0
                        0	-1	0
                        0	0	1
                        3.88284	5.68017	7.10294
                    }
                    {VolumeView "trackl.ply"}
                }
                {Bone prizmatic "suspension_l5"
                    {Limits -0.2 0.1}
                    {Matrix34
                        0	-1	0
                        1	0	0
                        0	0	1
                        -23.126	1.55005	4.95027
                    }
                    {Bone revolute "wheell6"
                        {Parameters "ID=trackleft;"}
                        {Matrix34
                            0	1	0
                            0	0	-1
                            -1	0	0
                            -4.13387	0.0282402	0.0187731
                        }
                        {LODView
                            {VolumeView "wheell5.ply"}
                            {VolumeView "wheell4_lod1.ply"}
                        }
                    }
                }
            }
        }
        {Bone "fxtracer1"
            {Matrix34
                0	1	0
                -1	0	0
                0	0	1
                48.7503	27.9232	0.282539
            }
        }
        {Bone "fxtracel1"
            {Matrix34
                0	1	0
                -1	0	0
                0	0	1
                48.7503	-28.2463	0.282539
            }
        }
        {Bone "fxtracel2"
            {Matrix34
                0	1	0
                -1	0	0
                0	0	1
                -38.3426	-28.2464	0.282539
            }
        }
        {Bone "fxtracer2"
            {Matrix34
                0	1	0
                -1	0	0
                0	0	1
                -38.3426	27.9231	0.282539
            }
        }
        {Bone "emit1"
            {Matrix34
                0	-1	0
                1	0	0
                0	0	1
                -11.1773	48.795	0
            }
        }
        {Bone "emit2"
            {Matrix34
                0	1	0
                -1	0	0
                0	0	1
                0.8362	-48.219	0
            }
        }
        {Bone "emit0"
            {Matrix34
                0	-1	0
                1	0	0
                0	0	1
                46.6113	48.795	0
            }
        }
        {Bone "fire_body_bone"
            {Matrix34
                0	1	0
                -1	0	0
                0	0	1
                -3.07087	-0.236222	19.4685
            }
            {Bone "body"
                {Parameters "ID=body;"}
                {Matrix34
                    1	0	-2.32523e-05
                    0	1	0
                    2.32523e-05	0	1
                    -0.0103762	0	0
                }
                {LODView
                    {VolumeView "body.ply"}
                    {VolumeView "body_lod1.ply"}
                }
                {Bone "body_detail2"
                    {Parameters "ID=body;"}
                    {Position -0.0652264	-53.1341	1.41214}
                    {VolumeView "body_detail2.ply"}
                }
                {Bone revolute "wheell9"
                    {Parameters "ID=trackleft;"}
                    {Matrix34
                        0	-1	0
                        0	0	-1
                        1	0	0
                        24.0457	-41.7349	-0.590263
                    }
                    {VolumeView "wheell9.ply"}
                }
                {Bone revolute "wheell10"
                    {Parameters "ID=trackleft;"}
                    {Matrix34
                        0	-1	0
                        0	0	-1
                        1	0	0
                        24.0457	-8.2329	-0.590263
                    }
                    {VolumeView "wheell10.ply"}
                }
                {Bone revolute "wheell11"
                    {Parameters "ID=trackleft;"}
                    {Matrix34
                        0	-1	0
                        0	0	-1
                        1	0	0
                        24.0456	24.6614	-0.590263
                    }
                    {VolumeView "wheell11.ply"}
                }
                {Bone revolute "wheelr11"
                    {Parameters "ID=trackright;"}
                    {Matrix34
                        0	-1	0
                        0	0	-1
                        1	0	0
                        -23.9786	24.6614	-0.590256
                    }
                    {VolumeView "wheelr11.ply"}
                }
                {Bone revolute "wheelr10"
                    {Parameters "ID=trackright;"}
                    {Matrix34
                        0	-1	0
                        0	0	-1
                        1	0	0
                        -23.9786	-8.23291	-0.590256
                    }
                    {VolumeView "wheelr10.ply"}
                }
                {Bone revolute "wheelr9"
                    {Parameters "ID=trackright;"}
                    {Matrix34
                        0	-1	0
                        0	0	-1
                        1	0	0
                        -23.9786	-41.7349	-0.590256
                    }
                    {VolumeView "wheelr9.ply"}
                }
                {Bone revolute "wheell8"
                    {Parameters "ID=trackleft;"}
                    {Matrix34
                        0	-1	0
                        0	0	-1
                        1	0	0
                        28.9647	48.9187	-4.23839
                    }
                    {VolumeView "wheell8.ply"}
                }
                {Bone revolute "wheelr8"
                    {Parameters "ID=trackright;"}
                    {Matrix34
                        0	-1	0
                        0	0	-1
                        1	0	0
                        -28.9711	48.9187	-4.27033
                    }
                    {VolumeView "wheelr8.ply"}
                }
                {Bone revolute "wheell1"
                    {Parameters "ID=trackleft;"}
                    {Matrix34
                        0	-1	0
                        0	0	-1
                        1	0	0
                        28.2399	-62.6176	-3.77374
                    }
                    {VolumeView "wheell1.ply"}
                }
                {Bone revolute "wheelr1"
                    {Parameters "ID=trackright;"}
                    {Matrix34
                        0	-1	0
                        0	0	-1
                        1	0	0
                        -28.4675	-62.6477	-3.8039
                    }
                    {VolumeView "wheelr1.ply"}
                }
                {Bone "exhaust_system_72"
                    {Parameters "ID=body;"}
                    {Position 27.8876	33.9155	7.5621}
                    {VolumeView "exhaust_system_72.ply"}
                    {Bone "fxsmoke1"
                        {Matrix34
                            0.965926	0	-0.258819
                            0.258819	0	0.965926
                            0	-1	0
                            6.48477	-3.26436	-1.7613
                        }
                    }
                    {Bone "fxsmoke2"
                        {Matrix34
                            0.965926	0	-0.258819
                            0.258819	0	0.965926
                            0	-1	0
                            6.48477	1.50732	-1.7613
                        }
                    }
                }
                {Bone "body_detail"
                    {Parameters "ID=body;"}
                    {Position 0.0541108	-50.5367	2.72404}
                    {VolumeView "body_detail.ply"}
                    {Bone "headlightl"
                        {Matrix34
                            0	-1	0
                            0	0	1
                            -1	0	0
                            16.0955	-5.87139	-0.0882778
                        }
                    }
                    {Bone "headlightr"
                        {Matrix34
                            0	-1	0
                            0	0	1
                            -1	0	0
                            -16.2557	-5.87139	-0.0882797
                        }
                    }
                    {Bone "fxlight"
                        {Matrix34
                            0	-1	0
                            0	0	1
                            -1	0	0
                            -0.480207	-5.87139	-0.0882778
                        }
                    }
                }
                {Bone "detail_brevno"
                    {Position -0.040174	63.9332	0.618296}
                    {VolumeView "detail_brevno.ply"}
                }
                {Bone "barrel_krep"
                    {Position 1.29708	67.6493	4.3908}
                    {VolumeView "barrel_krep.ply"}
                }
                {Bone "rabber_bort"
                    {Position 0.0700186	2.85038	6.08179}
                    {VolumeView "rabber_bort.ply"}
                }
                {Bone "otval1"
                    {Position -0.0171707	-43.5911	-11.9407}
                    {VolumeView "otval1.ply"}
                    {Bone "otval2"
                        {Position 0.017232	-9.02246	0.0850916}
                        {VolumeView "otval2.ply"}
                    }
                }
                {Bone "shieldr6"
                    {Parameters "ID=shield_body;"}
                    {Position -27.9117	62.4278	1.97715}
                    {VolumeView "shieldr6.ply"}
                }
                {Bone "shieldl2"
                    {Parameters "ID=shield_body;"}
                    {Position 34.2755	-44.4949	-0.336273}
                    {VolumeView "shieldl2.ply"}
                    {Bone "kreplenie_dz_k1_sh2"
                        {Matrix34
                            0.5	-0.809282	-0.308322
                            0.866026	0.467245	0.177995
                            1.33142e-05	-0.356012	0.934481
                            0.51759	0.901657	-0.218218
                        }
                        {VolumeView "kreplenie_dz_k1_sh2.ply"}
                        {Bone "d_a97"
                            {Matrix34
                                0.5	0.866025	1.31504e-05
                                -0.809282	0.467245	-0.356012
                                -0.308322	0.177995	0.934481
                                7.40366	-3.3702	3.00045
                            }
                            {VolumeView "d_a97.ply"}
                        }
                        {Bone "d_a94"
                            {Matrix34
                                0.5	0.866025	1.31504e-05
                                -0.809282	0.467245	-0.356012
                                -0.308322	0.177995	0.934481
                                -6.12739	5.12722	-3.08252
                            }
                            {VolumeView "d_a94.ply"}
                        }
                        {Bone "d_a95"
                            {Matrix34
                                0.5	0.866025	1.31504e-05
                                -0.809282	0.467245	-0.356012
                                -0.308322	0.177995	0.934481
                                -1.60746	2.29421	-1.05161
                            }
                            {VolumeView "d_a95.ply"}
                        }
                        {Bone "d_a96"
                            {Matrix34
                                0.5	0.866025	1.31504e-05
                                -0.809282	0.467245	-0.356012
                                -0.308322	0.177995	0.934481
                                2.8955	-0.542555	0.974426
                            }
                            {VolumeView "d_a96.ply"}
                        }
                    }
                }
                {Bone "shieldl3"
                    {Parameters "ID=shield_body;"}
                    {Position 34.2755	-17.7655	-0.368622}
                    {VolumeView "shieldl3.ply"}
                    {Bone "kreplenie_dz_k1_sh3"
                        {Matrix34
                            0.5	-0.809282	-0.308322
                            0.866026	0.467245	0.177995
                            1.33142e-05	-0.356012	0.934481
                            0.517551	-0.630013	-0.185831
                        }
                        {VolumeView "kreplenie_dz_k1_sh3.ply"}
                        {Bone "d_a98"
                            {Matrix34
                                0.5	0.866025	1.31504e-05
                                -0.809282	0.467245	-0.356012
                                -0.308322	0.177995	0.934481
                                -6.12741	5.12717	-3.08252
                            }
                            {VolumeView "d_a98.ply"}
                        }
                        {Bone "d_a99"
                            {Matrix34
                                0.5	0.866025	1.31504e-05
                                -0.809282	0.467245	-0.356012
                                -0.308322	0.177995	0.934481
                                -1.60746	2.29427	-1.05165
                            }
                            {VolumeView "d_a99.ply"}
                        }
                        {Bone "d_a100"
                            {Matrix34
                                0.5	0.866025	1.31504e-05
                                -0.809282	0.467245	-0.356012
                                -0.308322	0.177995	0.934481
                                2.89547	-0.542524	0.974392
                            }
                            {VolumeView "d_a100.ply"}
                        }
                        {Bone "d_a101"
                            {Matrix34
                                0.5	0.866025	1.31504e-05
                                -0.809282	0.467245	-0.356012
                                -0.308322	0.177995	0.934481
                                7.40368	-3.37011	3.00039
                            }
                            {VolumeView "d_a101.ply"}
                        }
                    }
                }
                {Bone "shieldl4"
                    {Parameters "ID=shield_body;"}
                    {Position 34.2755	8.80915	-0.409601}
                    {VolumeView "shieldl4.ply"}
                    {Bone "kreplenie_dz_k1_sh4"
                        {Matrix34
                            0.499999	-0.809282	-0.308322
                            0.866025	0.467245	0.177995
                            1.30724e-05	-0.356012	0.934481
                            0.51757	-0.6942	-0.144869
                        }
                        {VolumeView "kreplenie_dz_k1_sh4.ply"}
                        {Bone "d_a78"
                            {Matrix34
                                0.5	0.866025	1.29398e-05
                                -0.809282	0.467245	-0.356012
                                -0.308322	0.177995	0.934481
                                2.89547	-0.542534	0.974397
                            }
                            {VolumeView "d_a78.ply"}
                        }
                        {Bone "d_a102"
                            {Matrix34
                                0.5	0.866025	1.29398e-05
                                -0.809282	0.467245	-0.356012
                                -0.308322	0.177995	0.934481
                                -6.12736	5.12719	-3.08251
                            }
                            {VolumeView "d_a102.ply"}
                        }
                        {Bone "d_a103"
                            {Matrix34
                                0.5	0.866025	1.29398e-05
                                -0.809282	0.467245	-0.356012
                                -0.308322	0.177995	0.934481
                                -1.60745	2.29424	-1.05162
                            }
                            {VolumeView "d_a103.ply"}
                        }
                        {Bone "d_a41"
                            {Matrix34
                                0.5	0.866025	1.29398e-05
                                -0.809282	0.467245	-0.356012
                                -0.308322	0.177995	0.934481
                                7.40367	-3.37015	3.00043
                            }
                            {VolumeView "d_a41.ply"}
                        }
                    }
                }
                {Bone "shieldl5"
                    {Parameters "ID=shield_body;"}
                    {Position 34.2755	40.8485	-0.443449}
                    {VolumeView "shieldl5.ply"}
                }
                {Bone "shieldl6"
                    {Parameters "ID=shield_body;"}
                    {Position 27.9118	62.4278	1.97715}
                    {VolumeView "shieldl6.ply"}
                }
                {Bone "shieldr2"
                    {Parameters "ID=shield_body;"}
                    {Position -34.2754	-44.4918	-0.336281}
                    {VolumeView "shieldr2.ply"}
                    {Bone "kreplenie_dz_k1_sh6"
                        {Matrix34
                            0.5	-0.809282	-0.308322
                            0.866025	0.467245	0.177995
                            1.31328e-05	-0.356012	0.934481
                            -0.400787	0.898964	-0.2187
                        }
                        {VolumeView "kreplenie_dz_k1_sh6.ply"}
                        {Bone "d_a83"
                            {Matrix34
                                -0.5	-0.866025	-1.30954e-05
                                -0.809282	0.467246	-0.356012
                                0.308322	-0.177995	-0.934481
                                -7.59162	2.64627	-3.00908
                            }
                            {VolumeView "d_a83.ply"}
                        }
                        {Bone "d_a80"
                            {Matrix34
                                -0.5	-0.866025	-1.30954e-05
                                -0.809282	0.467246	-0.356012
                                0.308322	-0.177995	-0.934481
                                6.53275	-4.82343	3.07389
                            }
                            {VolumeView "d_a80.ply"}
                        }
                        {Bone "d_a81"
                            {Matrix34
                                -0.5	-0.866025	-1.30954e-05
                                -0.809282	0.467246	-0.356012
                                0.308322	-0.177995	-0.934481
                                1.82989	-2.33297	1.04786
                            }
                            {VolumeView "d_a81.ply"}
                        }
                        {Bone "d_a82"
                            {Matrix34
                                -0.5	-0.866025	-1.30954e-05
                                -0.809282	0.467246	-0.356012
                                0.308322	-0.177995	-0.934481
                                -2.87827	0.148293	-0.978174
                            }
                            {VolumeView "d_a82.ply"}
                        }
                    }
                }
                {Bone "shieldr3"
                    {Parameters "ID=shield_body;"}
                    {Position -34.2754	-17.7655	-0.368637}
                    {VolumeView "shieldr3.ply"}
                    {Bone "kreplenie_dz_k1_sh7"
                        {Matrix34
                            0.5	-0.809282	-0.308322
                            0.866026	0.467245	0.177995
                            1.33142e-05	-0.356012	0.934481
                            -0.400757	-0.629681	-0.186352
                        }
                        {VolumeView "kreplenie_dz_k1_sh7.ply"}
                        {Bone "d_a89"
                            {Matrix34
                                -0.5	-0.866025	-1.34287e-05
                                -0.809282	0.467246	-0.356012
                                0.308322	-0.177995	-0.934481
                                -7.59159	2.64627	-3.00907
                            }
                            {VolumeView "d_a89.ply"}
                        }
                        {Bone "d_a90"
                            {Matrix34
                                -0.5	-0.866025	-1.34287e-05
                                -0.809282	0.467246	-0.356012
                                0.308322	-0.177995	-0.934481
                                -2.87828	0.148315	-0.978157
                            }
                            {VolumeView "d_a90.ply"}
                        }
                        {Bone "d_a91"
                            {Matrix34
                                -0.5	-0.866025	-1.34287e-05
                                -0.809282	0.467246	-0.356012
                                0.308322	-0.177995	-0.934481
                                1.82988	-2.33298	1.04787
                            }
                            {VolumeView "d_a91.ply"}
                        }
                        {Bone "d_a92"
                            {Matrix34
                                -0.5	-0.866025	-1.34287e-05
                                -0.809282	0.467246	-0.356012
                                0.308322	-0.177995	-0.934481
                                6.53272	-4.82344	3.07392
                            }
                            {VolumeView "d_a92.ply"}
                        }
                    }
                }
                {Bone "shieldr4"
                    {Parameters "ID=shield_body;"}
                    {Position -34.2754	8.80916	-0.409609}
                    {VolumeView "shieldr4.ply"}
                    {Bone "kreplenie_dz_k1_sh8"
                        {Matrix34
                            0.5	-0.809282	-0.308322
                            0.866026	0.467245	0.177995
                            1.33142e-05	-0.356012	0.934481
                            -0.400845	-0.693838	-0.145357
                        }
                        {VolumeView "kreplenie_dz_k1_sh8.ply"}
                        {Bone "d_a85"
                            {Matrix34
                                -0.5	-0.866025	-1.34287e-05
                                -0.809282	0.467246	-0.356012
                                0.308322	-0.177995	-0.934481
                                -7.59158	2.64627	-3.00906
                            }
                            {VolumeView "d_a85.ply"}
                        }
                        {Bone "d_a86"
                            {Matrix34
                                -0.5	-0.866025	-1.34287e-05
                                -0.809282	0.467246	-0.356012
                                0.308322	-0.177995	-0.934481
                                -2.87823	0.148348	-0.978158
                            }
                            {VolumeView "d_a86.ply"}
                        }
                        {Bone "d_a87"
                            {Matrix34
                                -0.5	-0.866025	-1.34287e-05
                                -0.809282	0.467246	-0.356012
                                0.308322	-0.177995	-0.934481
                                1.8299	-2.33297	1.04787
                            }
                            {VolumeView "d_a87.ply"}
                        }
                        {Bone "d_a88"
                            {Matrix34
                                -0.5	-0.866025	-1.34287e-05
                                -0.809282	0.467246	-0.356012
                                0.308322	-0.177995	-0.934481
                                6.5328	-4.82339	3.07389
                            }
                            {VolumeView "d_a88.ply"}
                        }
                    }
                }
                {Bone "shieldr5"
                    {Parameters "ID=shield_body;"}
                    {Position -34.2754	40.8485	-0.443457}
                    {VolumeView "shieldr5.ply"}
                }
                {Bone "torsion"
                    {Matrix34
                        1	0	0
                        0	-1	0
                        0	0	1
                        -0.0186538	-10.9506	-9.44572
                    }
                    {VolumeView "torsion.ply"}
                }
                {Bone "body_system"
                    {Position 0.229353	-9.13886	-19.2666}
                }
                {Bone "visor2"
                    {Matrix34
                        0	-1	0
                        0	0	1
                        -1	0	0
                        -0.0294607	-38.5277	7.58801
                    }
                }
                {Bone "fxstop2"
                    {Matrix34
                        0	1	0
                        0	0	1
                        1	0	0
                        23.6647	61.7575	5.64559
                    }
                }
                {Bone "fxstop1"
                    {Matrix34
                        0	1	0
                        0	0	1
                        1	0	0
                        -23.6449	61.7575	5.64559
                    }
                }
                {Bone "fxfire1"
                    {Matrix34
                        0	0	1
                        0	1	0
                        -1	0	0
                        4.62637	49.5544	8.5503
                    }
                }
                {Bone "driver_cover"
                    {Parameters "ID=body;"}
                    {Position -6.97532	-34.569	7.42297}
                    {VolumeView "driver_cover.ply"}
                }
                {Bone revolute "turret"
                    {Parameters "ID=turret;"}
                    {Speed 0.0065}
                    {Position -0.0221226	-2.83375	14.8155}
                    {VolumeView "turret.ply"}
                    {Bone "ammo_box2"
                        {Position -25.7868	-1.29298	-2.22752}
                        {VolumeView "ammo_box2.ply"}
                    }
                    {Bone "shell_cover"
                        {Matrix34
                            0	-0.942693	0.33366
                            1	0	0
                            0	0.33366	0.942693
                            3.33078	13.6457	5.59703
                        }
                        {VolumeView "shell_cover.ply"}
                    }
                    {Bone "meteodatchik_72"
                        {Position 3.16781	12.489	9.6814}
                        {VolumeView "meteodatchik_72.ply"}
                        {Bone "fxstop3"
                            {Matrix34
                                0	1	0
                                0	0	1
                                1	0	0
                                2.72984	6.17912	-0.596233
                            }
                        }
                    }
                    {Bone "visor1"
                        {Matrix34
                            0	-1	0
                            0	0	1
                            -1	0	0
                            12.1196	-2.1839	9.66849
                        }
                    }
                    {Bone "visor3"
                        {Matrix34
                            0	-1	0
                            0	0	1
                            -1	0	0
                            10.3328	-9.1725	9.1716
                        }
                    }
                    {Bone revolute "mgun"
                        {Parameters "ID=mgun_pkt;"}
                        {Limits -5 15}
                        {Speed 0.01}
                        {Matrix34
                            0	-1	0
                            0	0	1
                            -1	0	0
                            -6.89984	-19.5974	-3.41402
                        }
                        {VolumeView "mgun.ply"}
                        {Bone "foresight5"
                            {Position 2.9976	0.0106335	0.00703144}
                        }
                    }
                    {Bone revolute "mgun_turret"
                        {Parameters "ID=mgun_turret;"}
                        {Speed 0.002}
                        {Matrix34
                            0.999815	0.0191974	0
                            -0.0191974	0.999815	0
                            0	0	1
                            -11.7822	5.73644	7.88485
                        }
                        {VolumeView "mgun_turret.ply"}
                        {Bone revolute "mgun_rot"
                            {Parameters "ID=mgun;"}
                            {Limits -25 100}
                            {Speed 0.01}
                            {Matrix34
                                -0.996251	0.0855713	0.0124049
                                0.00703452	-0.0627779	0.998001
                                0.0861789	0.99435	0.0619408
                                -5.76999	15.0967	1.96948
                            }
                            {VolumeView "mgun_rot.ply"}
                            {Bone "nsvt"
                                {Matrix34
                                    1	0	0
                                    0	0	-1
                                    0	1	0
                                    7.28831	3.53247	-14.4389
                                }
                                {LODView
                                    {VolumeView "nsvt.ply"}
                                    {VolumeView "nsvt_lod1.ply"}
                                }
                                {Bone "foresight3"
                                    {Position 29.1272	0.357359	0.308041}
