;Exported by: User
;Date:        Mon May 25 14:47:27 2015
;File:        C:\Users\User\Documents\3dsmax\scenes\גאגאג1111.max
{Skeleton
	{bone "basis"
		{Orientation
			1	0	0
			0	-1	0
			0	0	1
		}
		{bone "body"
			{Matrix34
				0.856124	0.516758	0.00351435
				-0.494292	0.820849	-0.286151
				-0.150756	0.243244	0.958178
				-70.8412	79.1297	-1.93117
			}
			{VolumeView "body.ply"}
			{bone "land"
				{Position 0.000274658	0.000267029	-5.91278e-005}
                                {parameters "Land;Ground;"}
                                {VolumeView "land.ply" {Ground} {DecalTarget}}
			}
		}
	}
}
{Obstacle "box01"
	{Obb2
		{Center -321.887 -35.0591}
		{Extent 119.939 0.588884}
		{Axis 1 0}
	}
	{Rotate}
	{Tags  "body"}
}
{Obstacle "box02"
	{Obb2
		{Center -82.2057 -34.9657}
		{Extent 119.939 0.682669}
		{Axis 1 0}
	}
	{Rotate}
	{Tags  "body"}
}
{Obstacle "box03"
	{Obb2
		{Center 204.267 -34.6109}
		{Extent 166.611 1.03779}
		{Axis 1 0}
	}
	{Rotate}
	{Tags  "body"}
}
{Obstacle "box04"
	{Obb2
		{Center -323.785 -440.365}
		{Extent 115.673 0.773682}
		{Axis 1 0}
	}
	{Rotate}
	{Tags  "body"}
}
{Obstacle "box05"
	{Obb2
		{Center -84.1366 -427.959}
		{Extent 124.239 0.867477}
		{Axis 1 0}
	}
	{Rotate}
	{Tags  "body"}
}
{Obstacle "box06"
	{Obb2
		{Center 206.635 -427.164}
		{Extent 166.612 1.29449}
		{Axis 1 0}
	}
	{Rotate}
	{Tags  "body"}
}
{Obstacle "box07"
	{Obb2
		{Center -529.955 -269.9}
		{Extent 89.5728 0.773682}
		{Axis 1 0}
	}
	{Rotate}
	{Tags  "body"}
}
{Obstacle "box08"
	{Obb2
		{Center -530.172 -88.9393}
		{Extent 89.7912 0.773678}
		{Axis 1 0}
	}
	{Rotate}
	{Tags  "body"}
}
{Obstacle "box17"
	{Obb2
		{Center -208.273 -434.166}
		{Extent 0.254669 6.46822}
		{Axis 1 0}
	}
	{Rotate}
	{Tags  "body"}
}
{Obstacle "box18"
	{Obb2
		{Center -208.275 -434.166}
		{Extent 0.254669 6.46822}
		{Axis 1 0}
	}
	{Rotate}
	{Tags  "body"}
}
{Obstacle "box19"
	{Obb2
		{Center 371.815 -231.57}
		{Extent 1.36462 194.894}
		{Axis 1 0}
	}
	{Rotate}
	{Tags  "body"}
}
{Obstacle "box21"
	{Obb2
		{Center -440.087 -355.224}
		{Extent 1.04008 85.7431}
		{Axis 1 0}
	}
	{Rotate}
	{Tags  "body"}
}
{Obstacle "box24"
	{Obb2
		{Center -440.967 -152.679}
		{Extent 1.04008 117.304}
		{Axis 1 0}
	}
	{Rotate}
	{Tags  "body"}
}
{Obstacle "box25"
	{Obb2
		{Center -620.033 -179.104}
		{Extent 0.469757 90.6288}
		{Axis 1 0}
	}
	{Rotate}
	{Tags  "body"}
}
{Obstacle "box27"
	{Obb2
		{Center 121.305 120.946}
		{Extent 115.634 0.55563}
		{Axis 1 0}
	}
	{Rotate}
	{Tags  "body"}
}
{Obstacle "box29"
	{Obb2
		{Center 5.70207 42.3903}
		{Extent 0.594436 79.0507}
		{Axis 1 0}
	}
	{Rotate}
	{Tags  "body"}
}
{Obstacle "box31"
	{Obb2
		{Center 236.683 42.3899}
		{Extent 0.594437 79.0507}
		{Axis 1 0}
	}
	{Rotate}
	{Tags  "body"}
}
{Obstacle "cylinder01"
	{Obb2
		{Center -486.352 -7.48111}
		{Extent 23.2549 22.9016}
		{Axis 1 0}
	}
	{Rotate}
	{Tags  "body"}
}
{Volume "box01"
	{Polyhedron "box01.vol"}
	{Bone "body"}
	{Matrix34
		0.856124	-0.494292	-0.150756
		0.516758	0.820849	0.243244
		0.00351438	-0.286151	0.958178
		-235.676	92.1611	28.3874
	}
}
{Volume "box02"
	{Polyhedron "box02.vol"}
	{Bone "body"}
	{Matrix34
		0.856124	-0.494292	-0.150756
		0.516758	0.820849	0.243244
		0.00351438	-0.286151	0.958178
		-30.4784	-26.3113	-7.74594
	}
}
{Volume "box03"
	{Polyhedron "box03.vol"}
	{Bone "body"}
	{Matrix34
		0.856124	-0.494292	-0.150756
		0.516758	0.820849	0.243244
		0.00351438	-0.286151	0.958178
		174.821	-144.843	-43.8973
	}
}
{Volume "box04"
	{Polyhedron "box04.vol"}
	{Bone "body"}
	{Matrix34
		0.855327	-0.495556	-0.151131
		0.518077	0.820086	0.243011
		0.00351436	-0.286151	0.958178
		-24.1955	423.682	126.617
	}
}
{Volume "box05"
	{Polyhedron "box05.vol"}
	{Bone "body"}
	{Matrix34
		0.855327	-0.495556	-0.151131
		0.518077	0.820086	0.243011
		0.00351436	-0.286151	0.958178
		174.639	295.103	87.4892
	}
}
{Volume "box06"
	{Polyhedron "box06.vol"}
	{Bone "body"}
	{Matrix34
		0.855327	-0.495556	-0.151131
		0.518077	0.820086	0.243011
		0.00351436	-0.286151	0.958178
		379.748	176.27	51.2485
	}
}
{Volume "box07"
	{Polyhedron "box07.vol"}
	{Bone "body"}
	{Matrix34
		0.855327	-0.495556	-0.151131
		0.518077	0.820086	0.243011
		0.00351436	-0.286151	0.958178
		-266.446	372.763	112.299
	}
}
{Volume "box08"
	{Polyhedron "box08.vol"}
	{Bone "body"}
	{Matrix34
		0.855327	-0.495556	-0.151131
		0.518077	0.820086	0.243011
		0.00351436	-0.286151	0.958178
		-359.959	224.221	68.2818
	}
}
{Volume "box09"
	{Polyhedron "box09.vol"}
	{Bone "body"}
	{Matrix34
		0.855327	-0.495556	-0.151131
		0.518077	0.820086	0.243011
		0.00351436	-0.286151	0.958178
		-359.654	199.268	151.841
	}
}
{Volume "box10"
	{Polyhedron "box10.vol"}
	{Bone "body"}
	{Matrix34
		0.856124	-0.494292	-0.150756
		0.516758	0.820849	0.243244
		0.00351438	-0.286151	0.958178
		-235.39	69.0118	105.906
	}
}
{Volume "box11"
	{Polyhedron "box11.vol"}
	{Bone "body"}
	{Matrix34
		0.856124	-0.494292	-0.150756
		0.516758	0.820849	0.243244
		0.00351438	-0.286151	0.958178
		-30.1939	-49.4613	69.7723
	}
}
{Volume "box12"
	{Polyhedron "box12.vol"}
	{Bone "body"}
	{Matrix34
		0.856124	-0.494292	-0.150756
		0.516758	0.820849	0.243244
		0.00351438	-0.286151	0.958178
		175.104	-167.993	33.621
	}
}
{Volume "box13"
	{Polyhedron "box13.vol"}
	{Bone "body"}
	{Matrix34
		0.856124	-0.494292	-0.150756
		0.516758	0.820849	0.243244
		0.00351438	-0.286151	0.958178
		377.975	151.942	136.71
	}
}
{Volume "box14"
	{Polyhedron "box14.vol"}
	{Bone "body"}
	{Matrix34
		0.856124	-0.494292	-0.150756
		0.516758	0.820849	0.243244
		0.00351438	-0.286151	0.958178
		172.86	270.765	172.948
	}
}
{Volume "box15"
	{Polyhedron "box15.vol"}
	{Bone "body"}
	{Matrix34
		0.856124	-0.494292	-0.150756
		0.516758	0.820849	0.243244
		0.00351438	-0.286151	0.958178
		-23.4072	397.838	211.618
	}
}
{Volume "box16"
	{Polyhedron "box16.vol"}
	{Bone "body"}
	{Matrix34
		0.855327	-0.495556	-0.151131
		0.518077	0.820086	0.243011
		0.00351436	-0.286151	0.958178
		-265.683	347.202	196.742
	}
}
{Volume "box17"
	{Polyhedron "box17.vol"}
	{Bone "body"}
	{Matrix34
		0.856124	-0.494292	-0.150756
		0.516758	0.820849	0.243244
		0.00351438	-0.286151	0.958178
		58.6926	356.607	106.282
	}
}
{Volume "box18"
	{Polyhedron "box18.vol"}
	{Bone "body"}
	{Matrix34
		0.856124	-0.494292	-0.150756
		0.516758	0.820849	0.243244
		0.00351438	-0.286151	0.958178
		59.0018	331.317	190.97
	}
}
{Volume "box19"
	{Polyhedron "box19.vol"}
	{Bone "body"}
	{Matrix34
		0.851584	-0.501434	-0.152872
		0.524207	0.816506	0.24192
		0.00351436	-0.286151	0.958178
		456.736	-93.6379	-27.6239
	}
}
{Volume "box20"
	{Polyhedron "box20.vol"}
	{Bone "body"}
	{Matrix34
		0.851584	-0.501434	-0.152872
		0.524207	0.816506	0.24192
		0.00351436	-0.286151	0.958178
		456.974	-112.961	37.0804
	}
}
{Volume "box21"
	{Polyhedron "box21.vol"}
	{Bone "body"}
	{Matrix34
		0.851595	-0.501415	-0.152867
		0.524188	0.816517	0.241923
		0.00351428	-0.286151	0.958178
		-172.461	408.305	123.576
	}
}
{Volume "box22"
	{Polyhedron "box22.vol"}
	{Bone "body"}
	{Matrix34
		0.851595	-0.501415	-0.152867
		0.524188	0.816517	0.241923
		0.00351428	-0.286151	0.958178
		-172.214	387.991	191.598
	}
}
{Volume "box23"
	{Polyhedron "box23.vol"}
	{Bone "body"}
	{Matrix34
		0.851595	-0.501415	-0.152867
		0.524188	0.816517	0.241923
		0.00351428	-0.286151	0.958178
		-293.943	196.483	134.041
	}
}
{Volume "box24"
	{Polyhedron "box24.vol"}
	{Bone "body"}
	{Matrix34
		0.851595	-0.501415	-0.152867
		0.524188	0.816517	0.241923
		0.00351428	-0.286151	0.958178
		-294.191	216.574	66.7642
	}
}
{Volume "box25"
	{Polyhedron "box25.vol"}
	{Bone "body"}
	{Matrix34
		0.856124	-0.494292	-0.150756
		0.516758	0.820849	0.243244
		0.00351439	-0.286151	0.958178
		-417.275	352.262	108.745
	}
}
{Volume "box26"
	{Polyhedron "box26.vol"}
	{Bone "body"}
	{Matrix34
		0.856124	-0.494292	-0.150756
		0.516758	0.820849	0.243244
		0.00351439	-0.286151	0.958178
		-416.978	328.03	189.884
	}
}
{Volume "box27"
	{Polyhedron "box27.vol"}
	{Bone "body"}
	{Matrix34
		0.856124	-0.494292	-0.150756
		0.516758	0.820849	0.243244
		0.00351439	-0.286151	0.958178
		64.1981	-254.866	-74.3334
	}
}
{Volume "box28"
	{Polyhedron "box28.vol"}
	{Bone "body"}
	{Matrix34
		0.856124	-0.494292	-0.150756
		0.516758	0.820849	0.243244
		0.00351439	-0.286151	0.958178
		64.3888	-270.433	-22.2062
	}
}
{Volume "box29"
	{Polyhedron "box29.vol"}
	{Bone "body"}
	{Matrix34
		0.856124	-0.494292	-0.150756
		0.516758	0.820849	0.243244
		0.00351439	-0.286151	0.958178
		4.20452	-139.39	-39.6276
	}
}
{Volume "box30"
	{Polyhedron "box30.vol"}
	{Bone "body"}
	{Matrix34
		0.856124	-0.494292	-0.150756
		0.516758	0.820849	0.243244
		0.00351439	-0.286151	0.958178
		4.35641	-151.756	1.77951
	}
}
{Volume "box31"
	{Polyhedron "box31.vol"}
	{Bone "body"}
	{Matrix34
		0.856124	-0.494292	-0.150756
		0.516758	0.820849	0.243244
		0.00351439	-0.286151	0.958178
		201.953	-253.562	-74.4493
	}
}
{Volume "box32"
	{Polyhedron "box32.vol"}
	{Bone "body"}
	{Matrix34
		0.856124	-0.494292	-0.150756
		0.516758	0.820849	0.243244
		0.00351439	-0.286151	0.958178
		202.075	-266.562	-30.8379
	}
}
{Volume "cylinder01"
	{Polyhedron "cylinder01.vol"}
	{Bone "body"}
	{Matrix34
		0.856124	-0.494292	-0.150756
		0.516758	0.820849	0.243244
		0.00351439	-0.286151	0.958178
		-392.747	146.018	47.0629
	}
}
