;Exported by: ??????
;Date:        Sun Apr  7 11:13:37 2024
;File:        D:\3DS MAX MoW modding\?????????\????\pion x xx.max
{Skeleton
	{bone "basis"
		{Orientation
			1	0	0
			0	-1	0
			0	0	1
		}
		{bone "emit2"
			{Matrix34
				0	1	0
				-1	0	0
				0	0	1
				78.6954	-49.1559	0
			}
		}
		{bone "emit1"
			{Matrix34
				0	-1	0
				1	0	0
				0	0	1
				78.622	46.768	0
			}
		}
		{bone "emit3"
			{Matrix34
				0	-1	0
				1	0	0
				0	0	1
				-52.2339	46.768	0
			}
		}
		{bone "body"
			{parameters "ID=body;"}
			{Position -2.77554	-0.00362002	15.9386}
			{VolumeView "body.ply"}
			{bone "shavel2"
				{Matrix34
					0.906308	0	-0.422618
					0	1	0
					0.422618	0	0.906308
					-58.525	-0.929526	9.50149
				}
				{VolumeView "shavel2.ply"}
			}
			{bone "anten1"
				{Position -5.4751	-17.1684	23.4289}
				{VolumeView "anten1.ply"}
			}
			{bone revolute "wheell9"
				{parameters "ID=trackleft;"}
				{Matrix34
					0.977981	-0.110678	-0.176928
					-0.170159	0.0679557	-0.983071
					0.120828	0.99153	0.0476265
					-59.0487	25.672	-2.03214
				}
				{VolumeView "wheell9.ply"}
			}
			{bone revolute "wheelr9"
				{parameters "ID=trackright;"}
				{Matrix34
					1	0	0
					0	0	-1
					0	1	0
					-59.0486	-25.8055	-2.03213
				}
				{VolumeView "wheelr9.ply"}
			}
			{bone revolute "turret"
				{parameters "ID=Turret;"}
				{limits -15 15}
				{speed 0.001}
				{Matrix34
					0.996195	-0.0871557	0
					0.0871557	0.996195	0
					0	0	1
					-40.2663	-0.93387	8.85494
				}
				{VolumeView "turret.ply"}
				{bone revolute "gun_rot"
					{parameters "ID=gun;"}
					{limits 0 45}
					{speed 0.001}
					{Matrix34
						0.984808	0	0.173648
						-0.173648	0	0.984808
						0	-1	0
						-11.7732	0.916107	20.7684
					}
					{VolumeView "gun_rot.ply"}
					{bone "gun"
						{parameters "ID=gun;"}
						{Matrix34
							1	0	0
							0	0	-1
							0	1	0
							52.4538	1.99952	0.0689681
						}
						{VolumeView "gun.ply"}
						{bone "foresight1"
							{Matrix34
								1	0	0
								0	0	1
								0	-1	0
								156.921	0.000982285	1.52588e-05
							}
						}
					}
					{bone "fx_invers"
						{Matrix34
							-0.999997	0.00243469	-2.81203e-05
							-3.037e-05	-0.0240313	-0.999711
							-0.00243458	-0.999708	0.0240312
							-14.7301	-1.50887	-0.0105584
						}
					}
				}
				{bone "gunner"
					{Matrix34
						0.999955	0	0.00946923
						0	1	0
						-0.00946923	0	0.999955
						-13.7547	16.4976	-2.65278
					}
				}
				{bone "visor2"
					{Matrix34
						0.99941	0.0117272	-0.0322694
						-0.0108332	0.999557	0.0277415
						0.0325804	-0.0273756	0.999094
						-3.7241	15.2348	25.7402
					}
				}
				{bone "turret_systems"
					{Position -12.2079	6.67828	22.2562}
				}
				{bone "gidravlika"
					{parameters "ID=Turret;"}
					{Position 0	0	1.14441e-05}
					{VolumeView "gidravlika.ply"}
				}
				{bone "seat04"
					{Matrix34
						0.999955	0	0.00946923
						0	1	0
						-0.00946923	0	0.999955
						-13.7547	16.4976	-2.65278
					}
				}
				{bone "autoloader"
					{parameters "ID=Turret;"}
					{Matrix34
						0.167244	0.94849	0.269066
						-0.984808	0.173648	0
						-0.0467227	-0.264978	0.963122
						-12.3521	-14.9719	15.7639
					}
					{VolumeView "autoloader.ply"}
					{bone "autoloader1"
						{parameters "ID=Turret;"}
						{Matrix34
							0.819152	0	-0.573576
							0	1	0
							0.573577	0	0.819152
							-36.2418	14.7451	4.25854
						}
						{VolumeView "autoloader1.ply"}
					}
				}
			}
			{bone revolute "wheelr1"
				{parameters "ID=trackright;"}
				{Matrix34
					1	0	0
					0	0	-1
					0	1	0
					68.4658	-25.8054	-2.03249
				}
				{VolumeView "wheelr1.ply"}
			}
			{bone revolute "wheell1"
				{parameters "ID=trackleft;"}
				{Matrix34
					1	0	0
					0	0	-1
					0	1	0
					68.4658	25.672	-2.0325
				}
				{VolumeView "wheell1.ply"}
			}
			{bone "visor1"
				{Matrix34
					0.99941	0.0117272	-0.0322694
					-0.0108332	0.999556	0.0277415
					0.0325804	-0.0273756	0.999094
					87.5513	12.9362	22.7672
				}
			}
			{bone "fxfire2"
				{Matrix34
					0	0	1
					0	-1	0
					1	0	0
					43.2446	-1.00222	12.6835
				}
			}
			{bone "fxsmoke1"
				{Position 44.9517	12.1418	20.1118}
			}
			{bone "fxsmoke2"
				{Position 44.9517	-13.9578	17.8217}
			}
			{bone "headlightl"
				{Position 96.4059	21.081	17.0685}
			}
			{bone "headlightr"
				{Position 96.9087	-21.7479	17.0685}
			}
			{bone "fxlight"
				{Position 106.29	0.811991	6.46868}
			}
			{bone "detail_amunition"
				{Matrix34
					0.999571	0.0293008	0
					-0.0293008	0.999571	0
					0	0	1
					-16.5291	-32.7284	13.5691
				}
				{VolumeView "detail_amunition.ply"}
			}
			{bone "body_systems"
				{Matrix34
					1	0	0
					0	-1	0
					0	0	1
					32.8375	-3.10061	-5.24304
				}
			}
			{bone "shavel"
				{Matrix34
					0.939693	0	-0.34202
					0	1	0
					0.34202	0	0.939693
					-65.1128	-0.929525	-3.39761
				}
				{VolumeView "shavel.ply"}
				{bone "shavel3"
					{Matrix34
						0.996195	0	-0.0871557
						0	1	0
						0.0871557	0	0.996195
						-19.6509	0	-5.88841
					}
					{VolumeView "shavel3.ply"}
				}
			}
			{bone "detail_box"
				{parameters "ID=component_ammo;"}
				{Position 18.7575	14.1643	19.3047}
				{VolumeView "detail_box.ply"}
			}
			{bone "detail_skatka"
				{Matrix34
					-0.15066	-0.897752	-0.413936
					0.939692	0	-0.342021
					0.30705	-0.440501	0.843611
					3.58183	33.8823	17.1162
				}
				{VolumeView "detail_skatka.ply"}
			}
			{bone "doorl"
				{parameters "ID=cabin;"}
				{Matrix34
					1	0	0
					0	-0.965926	-0.258819
					0	0.258819	-0.965926
					81.5042	17.4315	22.864
				}
				{VolumeView "doorl.ply"}
			}
			{bone "doorr"
				{parameters "ID=cabin;"}
				{Matrix34
					1	0	0
					0	-0.965926	0.258819
					0	-0.258819	-0.965926
					81.5042	-17.2016	22.864
				}
				{VolumeView "doorr.ply"}
			}
			{bone "shield_glass"
				{parameters "ID=body;"}
				{Matrix34
					0.766044	0	-0.642788
					0	1	0
					0.642788	0	0.766044
					89.0227	-0.0667116	21.0005
				}
				{VolumeView "shield_glass.ply"}
			}
		}
		{bone "wheelsl"
			{parameters "ID=trackleft;"}
			{Position 1.78781	20.6135	10.6972}
			{VolumeView "wheelsl.ply"}
			{bone revolute "wheell8"
				{parameters "ID=trackleft;"}
				{Matrix34
					1	0	0
					0	0	-1
					0	1	0
					-49.907	5.05497	-2.42175
				}
				{VolumeView "wheell8.ply"}
			}
			{bone revolute "wheell7"
				{parameters "ID=trackleft;"}
				{Matrix34
					0.877806	0.422584	0.225563
					0.0822439	0.330937	-0.940062
					-0.471902	0.843744	0.255743
					-33.8189	5.05497	-2.42175
				}
				{VolumeView "wheell7.ply"}
			}
			{bone revolute "wheell6"
				{parameters "ID=trackleft;"}
				{Matrix34
					1	0	0
					0	0.0871559	-0.996195
					0	0.996195	0.0871559
					-17.7301	5.05497	-2.42175
				}
				{VolumeView "wheell6.ply"}
			}
			{bone revolute "wheell5"
				{parameters "ID=trackleft;"}
				{Matrix34
					1	0	0
					0	0	-1
					0	1	0
					-1.64447	5.05495	-2.42175
				}
				{VolumeView "wheell5.ply"}
			}
			{bone revolute "wheell4"
				{parameters "ID=trackleft;"}
				{Matrix34
					1	0	0
					0	0	-1
					0	1	0
					14.4444	5.05495	-2.42175
				}
				{VolumeView "wheell4.ply"}
			}
			{bone revolute "wheell3"
				{parameters "ID=trackleft;"}
				{Matrix34
					0.895371	0.320736	0.308933
					0.302898	0.0699053	-0.950456
					-0.326441	0.944585	-0.0345592
					30.5299	5.05495	-2.42175
				}
				{VolumeView "wheell3.ply"}
			}
			{bone revolute "wheell2"
				{parameters "ID=trackleft;"}
				{Matrix34
					0.922907	-0.267767	-0.276665
					-0.274726	0.0454689	-0.960447
					0.269756	0.96241	-0.0315991
					46.6188	5.05495	-2.42175
				}
				{VolumeView "wheell2.ply"}
			}
			{bone "trackl"
				{parameters "ID=trackleft;"}
				{Position 0.1415	4.96476	0.0443268}
				{VolumeView "trackl.ply"}
			}
			{bone "fxtracel1"
				{Matrix34
					-1	0	0
					0	-1	0
					0	0	1
					46.8636	4.85823	-9.60125
				}
			}
			{bone "fxtracel2"
				{Matrix34
					-0.965926	0	0.258819
					0	-1	0
					0.258819	0	0.965926
					-50.0359	4.85817	-8.92114
				}
			}
		}
		{bone "wheelsr"
			{parameters "ID=trackright;"}
			{Position 1.78782	-20.8574	10.6972}
			{VolumeView "wheelsr.ply"}
			{bone revolute "wheelr8"
				{parameters "ID=trackright;"}
				{Matrix34
					0.963876	-0.265447	-0.0219104
					-0.106992	-0.310541	-0.944519
					0.243916	0.912744	-0.327724
					-49.907	-4.95161	-2.42174
				}
				{VolumeView "wheelr8.ply"}
			}
			{bone revolute "wheelr7"
				{parameters "ID=trackright;"}
				{Matrix34
					1	0	0
					0	0	-1
					0	1	0
					-33.8189	-4.95161	-2.42174
				}
				{VolumeView "wheelr7.ply"}
			}
			{bone revolute "wheelr6"
				{parameters "ID=trackright;"}
				{Matrix34
					1	0	0
					0	-0.258819	-0.965926
					0	0.965926	-0.258819
					-17.7301	-4.95161	-2.42174
				}
				{VolumeView "wheelr6.ply"}
			}
			{bone revolute "wheelr5"
				{parameters "ID=trackright;"}
				{Matrix34
					1	0	0
					0	0	-1
					0	1	0
					-1.64448	-4.95161	-2.42174
				}
				{VolumeView "wheelr5.ply"}
			}
			{bone revolute "wheelr4"
				{parameters "ID=trackright;"}
				{Matrix34
					0.906308	-0.422618	0
					0.073387	0.157379	-0.984808
					0.416198	0.892539	0.173648
					14.4443	-4.95161	-2.42174
				}
				{VolumeView "wheelr4.ply"}
			}
			{bone revolute "wheelr3"
				{parameters "ID=trackright;"}
				{Matrix34
					0.984808	0.173648	0
					0	0	-1
					-0.173648	0.984808	0
					30.5299	-4.95161	-2.42174
				}
				{VolumeView "wheelr3.ply"}
			}
			{bone revolute "wheelr2"
				{parameters "ID=trackright;"}
				{Matrix34
					1	0	0
					0	0	-1
					0	1	0
					46.6188	-4.95161	-2.42174
				}
				{VolumeView "wheelr2.ply"}
			}
			{bone "trackr"
				{parameters "ID=trackright;"}
				{Position 0.141495	-4.86085	0.0443344}
				{VolumeView "trackr.ply"}
			}
			{bone "fxtracer2"
				{Matrix34
					-0.965926	0	0.258819
					0	-1	0
					0.258819	0	0.965926
					-50.0359	-4.97903	-8.35864
				}
			}
			{bone "fxtracer1"
				{Matrix34
					-1	0	0
					0	-1	0
					0	0	1
					46.8636	-4.85117	-9.03876
				}
			}
		}
	}
}
{Volume "autoloader1"
	{Polyhedron "autoloader1.vol"}
	{Bone "autoloader1"}
	{Position 12.6903	1.62936	-7.55783}
}
{Volume "autoloader"
	{Polyhedron "autoloader.vol"}
	{Bone "autoloader"}
	{Position 0.370657	0.963856	-7.52336}
}
{Volume "body1"
	{Polyhedron "body1.vol"}
	{Bone "body"}
	{Position 18.379	0.00358166	4.43511}
}
{Volume "body2"
	{Polyhedron "body2.vol"}
	{Bone "body"}
	{Position 42.2144	0.00361234	15.7318}
}
{Volume "gun"
	{Polyhedron "gun.vol"}
	{Bone "gun"}
	{Matrix34
		0	1	0
		0	0	1
		1	0	0
		37.2202	-0.00372601	-0.00670624
	}
}
{Volume "ramp"
	{Polyhedron "ramp.vol"}
	{Bone "shavel"}
	{Matrix34
		0	-1	0
		0.766044	0	0.642788
		-0.642788	0	0.766044
		-13.914	-2.20144	-12.3117
	}
}
{Volume "trackleft"
	{Polyhedron "trackleft.vol"}
	{Bone "wheelsl"}
	{Position 0.141501	4.96476	0.0443277}
}
{Volume "trackright"
	{Polyhedron "trackright.vol"}
	{Bone "wheelsr"}
	{Position 0.141495	-4.86085	0.0443373}
}
{Volume "turret"
	{Polyhedron "turret.vol"}
	{Bone "turret"}
	{Position 2.27973	-0.0411472	-0.166977}
}
