;mdl file generated by soedit version next (v0.7m4)
;model created by: mockvu4
;date: thu oct 19 02:24:12 2023
;file: d:\!neu\model\!veh\kipri1\kipri1.max
;model create/rebuild by: mockbu4
;last build date: tuesday 20 may 2024 [17:31:44]
{skeleton
    {animation
        {sequence "start" {speed 0.9}}
        {sequence "stop" {speed 0.9}}
        {sequence "doorr" {speed 0.3} {resume}}
        {sequence "doorl" {speed 0.3} {resume}}
        {sequence "doorb" {speed 0.1} {resume}}
    }
    {bone "basis"
        {parameters "wheelradius=0.52;steermax=40;"}
        {orientation
            1	0	0
            0	-1	0
            0	0	1
        }
        {bone "emit1"
            {matrix34
                0	-1	0
                1	0	0
                0	0	1
                14.3076	38.6239	5.71638
            }
        }
        {bone "emit2"
            {matrix34
                0	1	0
                -1	0	0
                0	0	1
                14.2721	-31.2792	5.60281
            }
        }
        {bone "emit3"
            {matrix34
                0.942642	0	0.333807
                0	1	0
                -0.333807	0	0.942642
                -79.7455	3.72504	8.59184
            }
        }
        {bone "pivot_back"
            {parameters "id=body;"}
            {position -34.5789	-0.197144	14.8549}
            {volumeview "pivot_back.ply"}
            {bone "fxtracer2"
                {matrix34
                    -0.965923	0	0.258828
                    0	-1	0
                    0.258828	0	0.965923
                    -11.915	-24.1129	-10.8501
                }
            }
            {bone "fxtracel2"
                {matrix34
                    -0.965923	0	0.258828
                    0	-1	0
                    0.258828	0	0.965923
                    -11.915	23.5877	-11.1122
                }
            }
            {bone revolute "wheelr2"
                {parameters "id=wheelright2;"}
                {matrix34
                    1	0	0
                    0	0	1
                    0	-1	0
                    -0.0155754	-26.2239	-2.36544
                }
                {volumeview "wheelr2.ply"}
            }
            {bone revolute "wheell2"
                {parameters "id=wheelleft2;"}
                {matrix34
                    1	0	0
                    0	0	1
                    0	-1	0
                    -0.0155983	26.1134	-2.36541
                }
                {volumeview "wheell2.ply"}
            }
        }
        {bone "pivot_front"
            {parameters "id=body;"}
            {position 52.3689	-0.046402	14.6612}
            {volumeview "pivot_front.ply"}
            {bone revolute "steer_r1"
                {parameters "id=body;"}
                {matrix34
                    1	0	0
                    0	-1	0
                    0	0	-1
                    0.417828	-20.0811	-0.218907
                }
                {bone "fxtracer1"
                    {matrix34
                        -1	0	0
                        0	1	0
                        0	0	-1
                        -14.543	4.25382	11.3412
                    }
                }
                {bone revolute "wheelr1"
                    {parameters "id=wheelright1;"}
                    {matrix34
                        1	0	0
                        0	0	1
                        0	-1	0
                        0.602566	4.42348	1.95285
                    }
                    {volumeview "wheelr1.ply"}
                }
            }
            {bone revolute "steer_l1"
                {parameters "id=body;"}
                {matrix34
                    1	0	0
                    0	-1	0
                    0	0	-1
                    0.412933	18.5554	-0.225309
                }
                {bone "fxtracel1"
                    {matrix34
                        -1	0	0
                        0	1	0
                        0	0	-1
                        -14.5182	-4.9266	11.3597
                    }
                }
                {bone revolute "wheell1"
                    {parameters "id=wheelleft1;"}
                    {matrix34
                        1	0	0
                        0	0	1
                        0	-1	0
                        0.607437	-5.90901	1.9464
                    }
                    {volumeview "wheell1.ply"}
                }
            }
        }
        {bone "body"
            {parameters "id=body;"}
            {position 0	0	0.945541}
            {volumeview "body.ply"}
            {bone "body_systems"
                {position 7.59551	-0.233741	23.7832}
            }
            {bone "commander"
                {matrix34
                    0.983697	0	0.179832
                    0	1	0
                    -0.179832	0	0.983697
                    18.5673	-12.5427	29.7093
                }
            }
            {bone "detal1"
                {matrix34
                    0	1	0
                    0	0	1
                    1	0	0
                    0	0	-0.250543
                }
                {volumeview "detal1.ply"}
            }
            {bone "doorb"
                {matrix34
                    0	1	0
                    0	0	1
                    1	0	0
                    -54.138	-0.262367	20.8029
                }
                {volumeview "doorb.ply"}
                {bone "object002"
                    {matrix34
                        1	0	0
                        0	0.999916	-0.0129614
                        0	0.0129614	0.999916
                        6.1877	29.5374	-5.60464
                    }
                    {volumeview "object002.ply"}
                }
            }
            {bone "doorl"
                {matrix34
                    0	1	0
                    0	0	1
                    1	0	0
                    31.8128	-25.9818	44.0135
                }
                {volumeview "doorl.ply"}
                {bone "glass2"
                    {matrix34
                        0	0	1
                        1	0	0
                        0	1	0
                        -0.206024	4.44728	-10.6942
                    }
                    {volumeview "glass2.ply"}
                }
            }
            {bone "doorr"
                {matrix34
                    0	1	0
                    0	0	1
                    1	0	0
                    31.7607	24.3471	41.7044
                }
                {volumeview "doorr.ply"}
                {bone "glass4"
                    {matrix34
                        0	0	-1
                        0	1	0
                        1	0	0
                        -0.0460396	8.22774	-10.8782
                    }
                    {volumeview "glass4.ply"}
                }
            }
            {bone "driver"
                {matrix34
                    0.965062	0	0.262021
                    0	1	0
                    -0.262021	0	0.965062
                    18.4746	15.7054	30.1166
                }
            }
            {bone "fxlight"
                {matrix34
                    1	3.19481e-05	-3.19481e-05
                    -3.1888e-05	0.999998	0.00187826
                    3.2008e-05	-0.00187826	0.999998
                    79.9503	-1.12165	31.5671
                }
            }
            {bone "fxsmoke1"
                {matrix34
                    -0.470511	0.569463	0.674041
                    -0.737925	-0.672776	0.0532897
                    0.483825	-0.472318	0.736769
                    -55.895	-26.6863	6.8119
                }
            }
            {bone "fxsmoke2"
                {matrix34
                    -0.470511	0.569463	0.674041
                    -0.737924	-0.672776	0.0532901
                    0.483825	-0.472317	0.73677
                    -55.8943	26.6894	6.81167
                }
            }
            {bone "fxstop1"
                {matrix34
                    -1	-3.23375e-05	3.24249e-05
                    3.23374e-05	-1	0
                    3.2425e-05	0	1
                    -62.7474	22.3271	27.0776
                }
            }
            {bone "fxstop2"
                {matrix34
                    -1	-3.23375e-05	3.24249e-05
                    3.23374e-05	-1	0
                    3.2425e-05	0	1
                    -62.7762	-22.8443	26.9976
                }
            }
            {bone "glass"
                {position 33.7996	-0.252318	49.9792}
                {volumeview "glass.ply"}
            }
            {bone "glass3"
                {position -35.0251	-0.252378	50.2993}
                {volumeview "glass3.ply"}
            }
            {bone "gunner"
                {matrix34
                    0.991467	0	0.130353
                    0	1	0
                    -0.130353	0	0.991467
                    18.4046	-0.341079	30.1866
                }
            }
            {bone "headlightl"
                {matrix34
                    1	3.19481e-05	-3.19481e-05
                    -3.1888e-05	0.999998	0.00187826
                    3.2008e-05	-0.00187826	0.999998
                    75.7803	18.3845	33.9459
                }
            }
            {bone "headlightr"
                {matrix34
                    1	3.19481e-05	-3.19481e-05
                    -3.1888e-05	0.999998	0.00187826
                    3.2008e-05	-0.00187826	0.999998
                    75.7891	-18.6749	33.9719
                }
            }
            {bone "link2"
                {matrix34
                    -1	0	0
                    0	-0.999679	0.0253285
                    0	0.0253285	0.999679
                    -56.3834	-0.62964	16.4405
                }
            }
            {bone "seat01"
                {matrix34
                    0	-0.999742	0.0226974
                    1	0	0
                    0	0.0226974	0.999742
                    1.46645	17.1163	26.078
                }
            }
            {bone "seat02"
                {matrix34
                    0	-0.999742	0.0226974
                    1	0	0
                    0	0.0226974	0.999742
                    -10.1519	17.1163	26.1582
                }
            }
            {bone "seat03"
                {matrix34
                    0	0.999742	0.0226974
                    -1	0	0
                    0	-0.0226974	0.999742
                    1.27554	-18.3445	26.0885
                }
            }
            {bone "seat04"
                {matrix34
                    0	0.999742	0.0226974
                    -1	0	0
                    0	-0.0226974	0.999742
                    -10.1486	-18.3445	26.1585
                }
            }
            {bone "seat05"
                {matrix34
                    0	-0.999742	0.0226974
                    1	0	0
                    0	0.0226974	0.999742
                    -21.4388	17.1162	26.0182
                }
            }
            {bone "seat06"
                {matrix34
                    0	0.999742	0.0226974
                    -1	0	0
                    0	-0.0226974	0.999742
                    -21.4159	-18.3445	26.0181
                }
            }
            {bone "seat07"
                {matrix34
                    0	-0.999742	0.0226974
                    1	0	0
                    0	0.0226974	0.999742
                    -34.4601	17.1162	26.0185
                }
            }
            {bone "seat08"
                {matrix34
                    0	-0.999742	0.0226974
                    1	0	0
                    0	0.0226974	0.999742
                    -47.1696	17.1162	25.8783
                }
            }
            {bone "seat09"
                {matrix34
                    0	-0.999742	0.0226974
                    1	0	0
                    0	0.0226974	0.999742
                    -47.1698	-17.289	25.6685
                }
            }
            {bone "seat10"
                {matrix34
                    0	-0.999742	0.0226974
                    1	0	0
                    0	0.0226974	0.999742
                    -34.5717	-17.289	25.9486
                }
            }
            {bone "stupen1"
                {matrix34
                    0	1	0
                    0.0373886	0	0.999301
                    0.999301	0	-0.0373886
                    -52.9649	7.07324	26.3182
                }
                {volumeview "stupen1.ply"}
            }
            {bone "visor1"
                {matrix34
                    1	3.19481e-05	-3.19481e-05
                    -3.1888e-05	0.999998	0.00187826
                    3.2008e-05	-0.00187826	0.999998
                    35.821	13.3123	47.696
                }
            }
            {bone "detal2"
                {volumeview "detal2.ply"}
            }
            {bone "podveska"
                {parameters "id=body;"}
                {volumeview "podveska.ply"}
            }
            {bone "podveska1"
                {volumeview "podveska1.ply"}
            }
            {bone "salon"
                {position -9.42577	1.27844	29.4792}
                {bone "seat_creaw"
                    {parameters "id=body;"}
                    {position 9.42577	-1.27844	-29.4792}
                    {volumeview "seat_creaw.ply"}
                }
                {bone "seat_desant"
                    {parameters "id=body;"}
                    {position 9.42577	-1.27844	-29.4792}
                    {volumeview "seat_desant.ply"}
                }
            }
            {bone revolute "gun_rot"
                {position 22.51	0	59.75}
                {bone "turret"
                    {parameters "id=turret;"}
                    {position -0.79779	-0.610453	-0.9755}
                    {volumeview "turret.ply"}
                    {bone "visor2"
                        {matrix34
                            1	3.24249e-05	-3.19481e-05
                            -3.23652e-05	0.999998	0.00186825
                            3.20086e-05	-0.00186825	0.999998
                            9.19326	0.23185	9.1206
                        }
                    }
                    {bone revolute "gun_rot2"
                        {limits 8 -60}
                        {matrix34
                            1	0	0
                            0	-0	-1
                            0	1	-0
                            -3.15	0	13.51
                        }
                        {bone "gun"
                            {parameters "id=gun;"}
                            {matrix34
                                1	0	0
                                0	-0	1
                                0	-1	-0
                                4.41	1.07774	0.3583
                            }
                            {volumeview "gun.ply"}
                            {bone "foresight1"
                                {position 22.833	-0.376715	1.29719}
                            }
                        }
                    }
                }
            }
        }
    }
}
{volume "body"
    {polyhedron "body.vol"}
    {bone "body"}
    {position 6.08869	-0.30941	34.6677}
}
{volume "driver_panel"
    {polyhedron "driver_panel.vol"}
    {bone "body_systems"}
    {matrix34
        0.984808	0	-0.173648
        0	1	0
        0.173649	0	0.984808
        17.8544	9.93408	18.0135
    }
}
{volume "engine"
    {polyhedron "engine.vol"}
    {bone "body_systems"}
    {position 44.5398	-1.06024	6.35044}
}
{volume "front_wheels"
    {box 3.44626 65.9398 3.44626}
    {bone "body_systems"}
    {matrix34
        0	-1	0
        1.47632	0	0
        0	0	1
        4.24668	-0.169689	-9.78363
    }
}
{volume "fuel_tank_internal_a"
    {polyhedron "fuel_tank_internal_a.vol"}
    {bone "body_systems"}
    {position -18.9986	-0.0181403	-3.41524}
}
{volume "gun"
    {polyhedron "gun.vol"}
    {bone "gun"}
    {matrix34
        0	-1	0
        0	0	1
        -1	0	0
        13.5875	0.0462582	1.24579
    }
}
{volume "panel_engine_connectors"
    {polyhedron "panel_engine_connectors.vol"}
    {bone "body_systems"}
    {position 21.1375	3.6628	11.5604}
}
{volume "ppu"
    {box 6.89252 7.65748 4.75584}
    {bone "body_systems"}
    {matrix34
        0	-1	0
        1	0	0
        0	0	1
        30.3668	13.2607	9.23416
    }
}
{volume "transmission"
    {polyhedron "transmission.vol"}
    {bone "body_systems"}
    {position 43.3827	2.59276	-7.30558}
}
{volume "turret"
    {polyhedron "turret.vol"}
    {bone "turret"}
    {matrix34
        0	-1	0
        0	0	1
        -1	0	0
        -7.48395	12.6211	9.21839
    }
}
{volume "wheell1"
    {polyhedron "wheell1.vol"}
    {bone "wheell1"}
    {matrix34
        1	0	0
        0	-1	0
        0	0	-1
        -0.449501	-0.650048	0.156317
    }
}
{volume "wheell2"
    {polyhedron "wheell2.vol"}
    {bone "wheell2"}
    {position -0.299114	-0.0692072	0.62989}
}
{volume "wheelr1"
    {polyhedron "wheelr1.vol"}
    {bone "wheelr1"}
    {matrix34
        1	0	0
        0	-1	0
        0	0	-1
        0.297142	0.0204763	-0.383896
    }
}
{volume "wheelr2"
    {polyhedron "wheelr2.vol"}
    {bone "wheelr2"}
    {position -0.00587463	-0.0225954	-0.519991}
}
{volume "mrap"
    {box 150 60 3}
    {bone "body"}
    {position 10	0	5.6}
}
