;MDL File generated by SOEdit Version Next (v0.7m4)
;Model created by: MOCKVu4
;Date: Thu Oct 19 02:24:12 2023
;File: D:\!Neu\model\!Veh\Kipri1\Kipri1.max
;Model create/rebuild by: MoCKBu4
;Last build date: Friday 19 October 2023 [16:41:54]
{Skeleton
    {Animation
        {Sequence "start" {Speed 0.9}}
        {Sequence "stop" {Speed 0.9}}
        {Sequence "DoorR" {Speed 0.3} {Resume}}
        {Sequence "DoorL" {Speed 0.3} {Resume}}
        {Sequence "DoorB" {Speed 0.05} {Resume}}
    }
    {Bone "basis"
        {Parameters "Wheelradius=0.52;SteerMax=40;"}
        {Orientation
            1	0	0
            0	-1	0
            0	0	1
        }
        {Bone "emit1"
            {Matrix34
                0	-1	0
                1	0	0
                0	0	1
                14.3076	38.6239	5.71638
            }
        }
        {Bone "emit2"
            {Matrix34
                0	1	0
                -1	0	0
                0	0	1
                14.2721	-31.2792	5.60281
            }
        }
        {Bone "emit3"
            {Matrix34
                0.942642	0	0.333807
                0	1	0
                -0.333807	0	0.942642
                -79.7455	3.72504	8.59184
            }
        }
        {Bone "pivot_back"
            {Parameters "ID=body;"}
            {Position -34.5789	-0.197144	14.8549}
            {VolumeView "pivot_back.ply"}
            {Bone "fxtracer2"
                {Matrix34
                    -0.965923	0	0.258828
                    0	-1	0
                    0.258828	0	0.965923
                    -11.915	-24.1129	-10.8501
                }
            }
            {Bone "fxtracel2"
                {Matrix34
                    -0.965923	0	0.258828
                    0	-1	0
                    0.258828	0	0.965923
                    -11.915	23.5877	-11.1122
                }
            }
            {Bone revolute "wheelr2"
                {Parameters "ID=wheelright2;"}
                {Matrix34
                    1	0	0
                    0	0	1
                    0	-1	0
                    -0.0155754	-26.2239	-2.36544
                }
                {VolumeView "wheelr2.ply"}
            }
            {Bone revolute "wheell2"
                {Parameters "ID=wheelleft2;"}
                {Matrix34
                    1	0	0
                    0	0	1
                    0	-1	0
                    -0.0155983	26.1134	-2.36541
                }
                {VolumeView "wheell2.ply"}
            }
        }
        {Bone "pivot_front"
            {Parameters "ID=body;"}
            {Position 52.3689	-0.046402	14.6612}
            {VolumeView "pivot_front.ply"}
            {Bone revolute "steer_r1"
                {Parameters "ID=body;"}
                {Matrix34
                    1	0	0
                    0	-1	0
                    0	0	-1
                    0.417828	-20.0811	-0.218907
                }
                {Bone "fxtracer1"
                    {Matrix34
                        -1	0	0
                        0	1	0
                        0	0	-1
                        -14.543	4.25382	11.3412
                    }
                }
                {Bone revolute "wheelr1"
                    {Parameters "ID=wheelright1;"}
                    {Matrix34
                        1	0	0
                        0	0	1
                        0	-1	0
                        0.602566	4.42348	1.95285
                    }
                    {VolumeView "wheelr1.ply"}
                }
            }
            {Bone revolute "steer_l1"
                {Parameters "ID=body;"}
                {Matrix34
                    1	0	0
                    0	-1	0
                    0	0	-1
                    0.412933	18.5554	-0.225309
                }
                {Bone "fxtracel1"
                    {Matrix34
                        -1	0	0
                        0	1	0
                        0	0	-1
                        -14.5182	-4.9266	11.3597
                    }
                }
                {Bone revolute "wheell1"
                    {Parameters "ID=wheelleft1;"}
                    {Matrix34
                        1	0	0
                        0	0	1
                        0	-1	0
                        0.607437	-5.90901	1.9464
                    }
                    {VolumeView "wheell1.ply"}
                }
            }
        }
        {Bone "body"
            {Parameters "ID=body;"}
            {Position 0	0	0.945541}
            {VolumeView "body.ply"}
            {Bone "body_systems"
                {Position 7.59551	-0.233741	23.7832}
            }
            {Bone "commander"
                {Matrix34
                    0.983697	0	0.179832
                    0	1	0
                    -0.179832	0	0.983697
                    18.5673	-12.5427	29.7093
                }
            }
            {Bone "detal1"
                {Matrix34
                    0	1	0
                    0	0	1
                    1	0	0
                    0	0	-0.250543
                }
                {VolumeView "detal1.ply"}
            }
            {Bone "doorb"
                {Matrix34
                    0	1	0
                    0	0	1
                    1	0	0
                    -54.138	-0.262367	20.8029
                }
                {VolumeView "doorb.ply"}
                {Bone "object002"
                    {Matrix34
                        1	0	0
                        0	0.999916	-0.0129614
                        0	0.0129614	0.999916
                        6.1877	29.5374	-5.60464
                    }
                    {VolumeView "object002.ply"}
                }
            }
            {Bone "doorl"
                {Matrix34
                    0	1	0
                    0	0	1
                    1	0	0
                    31.8128	-25.9818	44.0135
                }
                {VolumeView "doorl.ply"}
                {Bone "glass2"
                    {Matrix34
                        0	0	1
                        1	0	0
                        0	1	0
                        -0.206024	4.44728	-10.6942
                    }
                    {VolumeView "glass2.ply"}
                }
            }
            {Bone "doorr"
                {Matrix34
                    0	1	0
                    0	0	1
                    1	0	0
                    31.7607	24.3471	41.7044
                }
                {VolumeView "doorr.ply"}
                {Bone "glass4"
                    {Matrix34
                        0	0	-1
                        0	1	0
                        1	0	0
                        -0.0460396	8.22774	-10.8782
                    }
                    {VolumeView "glass4.ply"}
                }
            }
            {Bone "driver"
                {Matrix34
                    0.965062	0	0.262021
                    0	1	0
                    -0.262021	0	0.965062
                    18.4746	15.7054	30.1166
                }
            }
            {Bone "fxlight"
                {Matrix34
                    1	3.19481e-05	-3.19481e-05
                    -3.1888e-05	0.999998	0.00187826
                    3.2008e-05	-0.00187826	0.999998
                    79.9503	-1.12165	31.5671
                }
            }
            {Bone "fxsmoke1"
                {Matrix34
                    -0.470511	0.569463	0.674041
                    -0.737925	-0.672776	0.0532897
                    0.483825	-0.472318	0.736769
                    -55.895	-26.6863	6.8119
                }
            }
            {Bone "fxsmoke2"
                {Matrix34
                    -0.470511	0.569463	0.674041
                    -0.737924	-0.672776	0.0532901
                    0.483825	-0.472317	0.73677
                    -55.8943	26.6894	6.81167
                }
            }
            {Bone "fxstop1"
                {Matrix34
                    -1	-3.23375e-05	3.24249e-05
                    3.23374e-05	-1	0
                    3.2425e-05	0	1
                    -62.7474	22.3271	27.0776
                }
            }
            {Bone "fxstop2"
                {Matrix34
                    -1	-3.23375e-05	3.24249e-05
                    3.23374e-05	-1	0
                    3.2425e-05	0	1
                    -62.7762	-22.8443	26.9976
                }
            }
            {Bone "glass"
                {Position 33.7996	-0.252318	49.9792}
                {VolumeView "glass.ply"}
            }
            {Bone "glass3"
                {Position -35.0251	-0.252378	50.2993}
                {VolumeView "glass3.ply"}
            }
            {Bone "gunner"
                {Matrix34
                    0.991467	0	0.130353
                    0	1	0
                    -0.130353	0	0.991467
                    18.4046	-0.341079	30.1866
                }
            }
            {Bone "headlightl"
                {Matrix34
                    1	3.19481e-05	-3.19481e-05
                    -3.1888e-05	0.999998	0.00187826
                    3.2008e-05	-0.00187826	0.999998
                    75.7803	18.3845	33.9459
                }
            }
            {Bone "headlightr"
                {Matrix34
                    1	3.19481e-05	-3.19481e-05
                    -3.1888e-05	0.999998	0.00187826
                    3.2008e-05	-0.00187826	0.999998
                    75.7891	-18.6749	33.9719
                }
            }
            {Bone "link2"
                {Matrix34
                    -1	0	0
                    0	-0.999679	0.0253285
                    0	0.0253285	0.999679
                    -56.3834	-0.62964	16.4405
                }
            }
            {Bone "seat01"
                {Matrix34
                    0	-0.999742	0.0226974
                    1	0	0
                    0	0.0226974	0.999742
                    1.46645	17.1163	26.078
                }
            }
            {Bone "seat02"
                {Matrix34
                    0	-0.999742	0.0226974
                    1	0	0
                    0	0.0226974	0.999742
                    -10.1519	17.1163	26.1582
                }
            }
            {Bone "seat03"
                {Matrix34
                    0	0.999742	0.0226974
                    -1	0	0
                    0	-0.0226974	0.999742
                    1.27554	-18.3445	26.0885
                }
            }
            {Bone "seat04"
                {Matrix34
                    0	0.999742	0.0226974
                    -1	0	0
                    0	-0.0226974	0.999742
                    -10.1486	-18.3445	26.1585
                }
            }
            {Bone "seat05"
                {Matrix34
                    0	-0.999742	0.0226974
                    1	0	0
                    0	0.0226974	0.999742
                    -21.4388	17.1162	26.0182
                }
            }
            {Bone "seat06"
                {Matrix34
                    0	0.999742	0.0226974
                    -1	0	0
                    0	-0.0226974	0.999742
                    -21.4159	-18.3445	26.0181
                }
            }
            {Bone "seat07"
                {Matrix34
                    0	-0.999742	0.0226974
                    1	0	0
                    0	0.0226974	0.999742
                    -34.4601	17.1162	26.0185
                }
            }
            {Bone "seat08"
                {Matrix34
                    0	-0.999742	0.0226974
                    1	0	0
                    0	0.0226974	0.999742
                    -47.1696	17.1162	25.8783
                }
            }
            {Bone "seat09"
                {Matrix34
                    0	-0.999742	0.0226974
                    1	0	0
                    0	0.0226974	0.999742
                    -47.1698	-17.289	25.6685
                }
            }
            {Bone "seat10"
                {Matrix34
                    0	-0.999742	0.0226974
                    1	0	0
                    0	0.0226974	0.999742
                    -34.5717	-17.289	25.9486
                }
            }
            {Bone "stupen1"
                {Matrix34
                    0	1	0
                    0.0373886	0	0.999301
                    0.999301	0	-0.0373886
                    -52.9649	7.07324	26.3182
                }
                {VolumeView "stupen1.ply"}
            }
            {Bone "visor1"
                {Matrix34
                    1	3.19481e-05	-3.19481e-05
                    -3.1888e-05	0.999998	0.00187826
                    3.2008e-05	-0.00187826	0.999998
                    35.821	13.3123	47.696
                }
            }
            {Bone "detal2"
                {VolumeView "detal2.ply"}
            }
            {Bone "podveska"
                {Parameters "ID=body;"}
                {VolumeView "podveska.ply"}
            }
            {Bone "podveska1"
                {VolumeView "podveska1.ply"}
            }
            {Bone "salon"
                {Position -9.42577	1.27844	29.4792}
                {Bone "seat_creaw"
                    {Parameters "ID=body;"}
                    {Position 9.42577	-1.27844	-29.4792}
                    {VolumeView "seat_creaw.ply"}
                }
                {Bone "seat_desant"
                    {Parameters "ID=body;"}
                    {Position 9.42577	-1.27844	-29.4792}
                    {VolumeView "seat_desant.ply"}
                }
            }
            {Bone revolute "gun_rot"
                {Position 22.51	0	59.75}
                {Bone "turret"
                    {Parameters "ID=turret;"}
                    {Position -0.79779	-0.610453	-0.9755}
                    {VolumeView "turret.ply"}
                    {Bone "visor2"
                        {Matrix34
                            1	3.24249e-05	-3.19481e-05
                            -3.23652e-05	0.999998	0.00186825
                            3.20086e-05	-0.00186825	0.999998
                            9.19326	0.23185	9.1206
                        }
                    }
                    {Bone revolute "gun_rot2"
                        {Limits 8 -60}
                        {Matrix34
                            1	0	0
                            0	-0	-1
                            0	1	-0
                            -3.15	0	13.51
                        }
                        {Bone "gun"
                            {Parameters "ID=gun;"}
                            {Matrix34
                                1	0	0
                                0	-0	1
                                0	-1	-0
                                4.41	1.07774	0.3583
                            }
                            {VolumeView "gun.ply"}
                            {Bone "foresight1"
                                {Position 22.833	-0.376715	1.29719}
                            }
                        }
                    }
                }
            }
        }
    }
}
{Volume "body"
    {Polyhedron "body.vol"}
    {Bone "body"}
    {Matrix34
        -1	0	0
        0	0	1
        0	1	0
        7.79936	38.2118	23.3171
    }
}
{Volume "driver_panel"
    {Polyhedron "driver_panel.vol"}
    {Bone "body_systems"}
    {Matrix34
        0.984808	0	-0.173648
        0	1	0
        0.173649	0	0.984808
        17.8544	9.93408	18.0135
    }
}
{Volume "engine"
    {Polyhedron "engine.vol"}
    {Bone "body_systems"}
    {Position 44.5398	-1.06024	6.35044}
}
{Volume "front_wheels"
    {Box 3.44626 65.9398 3.44626}
    {Bone "body_systems"}
    {Matrix34
        0	-1	0
        1.47632	0	0
        0	0	1
        4.24668	-0.169689	-9.78363
    }
}
{Volume "fuel_tank_internal_a"
    {Polyhedron "fuel_tank_internal_a.vol"}
    {Bone "body_systems"}
    {Position -18.9986	-0.0181403	-3.41524}
}
{Volume "gun"
    {Polyhedron "gun.vol"}
    {Bone "gun"}
    {Matrix34
        0	-1	0
        0	0	1
        -1	0	0
        13.5875	0.0462582	1.24579
    }
}
{Volume "panel_engine_connectors"
    {Polyhedron "panel_engine_connectors.vol"}
    {Bone "body_systems"}
    {Position 21.1375	3.6628	11.5604}
}
{Volume "ppu"
    {Box 6.89252 7.65748 4.75584}
    {Bone "body_systems"}
    {Matrix34
        0	-1	0
        1	0	0
        0	0	1
        30.3668	13.2607	9.23416
    }
}
{Volume "transmission"
    {Polyhedron "transmission.vol"}
    {Bone "body_systems"}
    {Position 43.3827	2.59276	-7.30558}
}
{Volume "turret"
    {Polyhedron "turret.vol"}
    {Bone "turret"}
    {Matrix34
        0	-1	0
        0	0	1
        -1	0	0
        -7.48395	12.6211	9.21839
    }
}
{Volume "wheell1"
    {Polyhedron "wheell1.vol"}
    {Bone "wheell1"}
    {Matrix34
        1	0	0
        0	-1	0
        0	0	-1
        -0.449501	-0.650048	0.156317
    }
}
{Volume "wheell2"
    {Polyhedron "wheell2.vol"}
    {Bone "wheell2"}
    {Position -0.299114	-0.0692072	0.62989}
}
{Volume "wheelr1"
    {Polyhedron "wheelr1.vol"}
    {Bone "wheelr1"}
    {Matrix34
        1	0	0
        0	-1	0
        0	0	-1
        0.297142	0.0204763	-0.383896
    }
}
{Volume "wheelr2"
    {Polyhedron "wheelr2.vol"}
    {Bone "wheelr2"}
    {Position -0.00587463	-0.0225954	-0.519991}
}
{Volume "mrap"
    {Box 150 60 3}
    {Bone "body"}
    {Position 10	0	5.6}
}
