;Exported by: Filatov
;Date:        Wed Feb 18 17:20:57 2015
;File:        C:\Users\Filatov\Google Диск\MOW\3ds max model\Constraction\Old models\Fence\x_fence_concrete_rus.max
{Skeleton
	{bone "body"
		{Orientation
			1	0	0
			0	-1	0
			0	0	1
		}
		{VolumeView "body.ply"}
		{bone "piece1"
			{Matrix34
				1	0	0
				0	-0.150081	-0.988674
				0	0.988674	-0.150081
				-38.9722	16.9836	4.61226
			}
			{VolumeView "piece1.ply"}
		}
		{bone "piece2"
			{Matrix34
				1	0	0
				0	0.0808704	-0.996725
				0	0.996725	0.0808704
				-6.29623	-4.06145	3.84
			}
			{VolumeView "piece2.ply"}
		}
		{bone "piece3"
			{Matrix34
				1	0	0
				0	-0.171002	-0.985271
				0	0.985271	-0.171002
				25.1183	11.3885	1.79274
			}
			{VolumeView "piece3.ply"}
		}
		{bone "piece4"
			{Matrix34
				0.9989	0.00268438	-0.0468236
				-0.0460171	0.248944	-0.967424
				0.00905951	0.968514	0.248794
				35.4063	-20.6048	4.26745
			}
			{VolumeView "piece4.ply"}
		}
		{bone "armature"
			{Position 8.96454e-005	-0.000186026	0}
			{VolumeView "armature.ply"}
		}
	}
}
{Volume "body1"
	{Polyhedron "body1.vol"}
	{Bone "body"}
	{Position -34.9447	0	0}
}
{Volume "body2"
	{Polyhedron "body2.vol"}
	{Bone "body"}
	{Position 35.6906	0	0}
}
{Volume "piece1"
	{Polyhedron "piece1.vol"}
	{Bone "piece1"}
	{Position -0.309311	0.0170326	-0.112199}
}
{Volume "piece2"
	{Polyhedron "piece2.vol"}
	{Bone "piece2"}
}
{Volume "piece3"
	{Polyhedron "piece3.vol"}
	{Bone "piece3"}
	{Position 0	0	0}
}
{Volume "piece4"
	{Polyhedron "piece4.vol"}
	{Bone "piece4"}
	{Position 0	0	0}
}
