;Exported by: Vorabat
;Date:        Thu Apr 08 16:12:47 2010
;File:        C:\Users\Vorabat\Documents\3dsmax\scenes\stold_regul.max
{Skeleton
	{bone "body"
		{Orientation
			1	0	0
			0	-1	0
			0	0	1
		}
		{VolumeView "body.ply"}
		{bone "lamp_light_spot1"
			{Matrix34
				-0.258819	0	-0.965926
				0	1	0
				0.965926	0	-0.258819
				-25.2284	-0.784719	263.605
			}
		}
		{bone "lamp_light_spot2"
			{Matrix34
				0.258819	0	-0.965926
				0	-1	0
				-0.965926	0	-0.258819
				25.7032	-0.784719	263.605
			}
		}
		{bone "light_spot"
			{Matrix34
				-0.258819	0	-0.965926
				0	1	0
				0.965926	0	-0.258819
				-25.2284	-0.784719	263.605
			}
		}
		{bone "lamp_glass1"
			{Matrix34
				-0.258819	0	-0.965926
				0	1	0
				0.965926	0	-0.258819
				-25.2284	-0.784719	263.605
			}
		}
		{bone "light_spot1"
			{Matrix34
				0.258819	0	-0.965926
				0	-1	0
				-0.965926	0	-0.258819
				25.7032	-0.784719	263.605
			}
		}
		{bone "lamp_glass2"
			{Matrix34
				0.258819	0	-0.965926
				0	-1	0
				-0.965926	0	-0.258819
				25.7032	-0.784719	263.605
			}
		}
	}
}
{Obstacle "box01"
	{Obb2
		{Center 0.826777 0.338419}
		{Extent 2.24382 2.48423}
		{Axis 1 0}
	}
	{Rotate}
	{Tags  "body"}
}
{Volume "box01"
	{Box 4.48764 4.96846 48.4024}
	{Bone "body"}
	{Matrix34
		1	0	0
		0	1	0
		0	0	5.35232
		0.826777	-0.338419	129.533
	}
}
{Volume "box02"
	{Polyhedron "box02.vol"}
	{Bone "body"}
	{Position -55.1984	-0.775651	116.687}
}
{Volume "box03"
	{Box 6.09037 5.9301 17.7903}
	{Bone "body"}
	{Matrix34
		1.13545	0	0
		0	1.13545	0
		0	0	1.13545
		-64.1769	-12.725	121.783
	}
}
{Volume "box04"
	{Box 6.09037 5.9301 17.7903}
	{Bone "body"}
	{Matrix34
		1.13545	0	0
		0	1.13545	0
		0	0	1.13545
		-104.271	-12.725	121.783
	}
}
{Volume "box05"
	{Box 6.09037 5.9301 17.7903}
	{Bone "body"}
	{Matrix34
		1.13545	0	0
		0	1.13545	0
		0	0	1.13545
		9.31856	-5.62576	71.1812
	}
}
{Volume "lamp1"
	{Box 16.0273 8.01364 3.84655}
	{Bone "body"}
	{Matrix34
		0.971637	0	-0.236477
		0	1	0
		0.355431	0	1.4604
		-24.4322	-0.624433	266.703
	}
}
{Volume "lamp2"
	{Box 16.0273 8.01364 3.84655}
	{Bone "body"}
	{Matrix34
		-0.971637	0	-0.236476
		0	-1	0
		-0.355431	0	1.4604
		24.6341	-0.624433	266.463
	}
}
{Volume "lamp_glass02"
	{Box 16.0273 8.01364 3.84655}
	{Bone "body"}
	{Matrix34
		-0.814107	0	-0.198137
		0	-0.837872	0
		-0.297806	0	1.22363
		25.3641	-0.624433	264.965
	}
}
{Volume "lamp_glass1"
	{Box 16.0273 8.01364 3.84655}
	{Bone "body"}
	{Matrix34
		0.814107	0	-0.198137
		0	0.837872	0
		0.297806	0	1.22363
		-24.786	-0.624433	264.864
	}
}
