;MDL File generated by SOEdit Version Next (v0.7m4)
;Model created by: Андрей
;Date: Tue Apr 26 15:15:36 2016
;File: G:\Модели все\Модели к 1.6.1\T-55A\Т-55 МАХ2009.max
;Model create/rebuild by: Makimaglist
;Last build date: Monday 19 January 2025 [23:38:29]
{Skeleton
    {Animation
        {Sequence "start" {Speed 0.9}}
        {Sequence "stop" {Speed 0.9}}
        {Sequence "fire"}
        {Sequence "open1" {Speed 0.3} {Resume}}
        {Sequence "open12" {Speed 0.3} {Resume}}
        {Sequence "open2" {Speed 0.3} {Resume}}
        {Sequence "open_driver" {Speed 0.1} {Resume}}
    }
    {Bone revolute "basis"
        {Parameters "Wheelradius=0.4;"}
        {Limits -0 0}
        {Orientation
            1	0	0
            0	-1	0
            0	0	1
        }
        {Bone "emit1"
            {Matrix34
                0	-1	0
                1	0	0
                0	0	1
                20.681	43.8494	0
            }
        }
        {Bone "emit2"
            {Matrix34
                0	1	0
                -1	0	0
                0	0	1
                20.681	-48.7292	0
            }
        }
        {Bone "emit0"
            {Matrix34
                -1	0	0
                0	-1	0
                0	0	1
                67.7265	12.6863	0
            }
        }
        {Bone "fxtracel2"
            {Matrix34
                -1	0	0
                0	0	1
                0	1	0
                -38.5963	27.4107	0.203505
            }
        }
        {Bone "fxtracel1"
            {Matrix34
                -1	0	0
                0	0	1
                0	1	0
                37.9811	27.4107	0.203503
            }
        }
        {Bone "fxtracer2"
            {Matrix34
                -1	0	0
                0	0	1
                0	1	0
                -38.5963	-27.3684	0.203506
            }
        }
        {Bone "fxtracer1"
            {Matrix34
                -1	0	0
                0	0	1
                0	1	0
                37.9811	-27.3684	0.203506
            }
        }
        {Bone "wheelsr"
            {Parameters "ID=trackright;"}
            {Matrix34
                0	1	0
                0	0	1
                1	0	0
                -7.00635	-21.2824	10.3127
            }
            {Bone revolute "wheelr4"
                {Parameters "ID=trackright;"}
                {Matrix34
                    0	0	-1
                    1.08478e-05	1	0
                    1	-1.08484e-05	0
                    -5.86767	-0.578321	3.43217
                }
                {VolumeView "wheelr4.ply"}
            }
            {Bone revolute "wheelr6"
                {Parameters "ID=trackright;"}
                {Matrix34
                    0	0	-1
                    1.08478e-05	1	0
                    1	-1.08484e-05	0
                    -5.86893	-0.534357	-30.8929
                }
                {VolumeView "wheelr6.ply"}
            }
            {Bone revolute "wheelr2"
                {Parameters "ID=trackright;"}
                {Matrix34
                    0	0	-1
                    1.08478e-05	1	0
                    1	-1.08484e-05	0
                    -5.86622	-0.63039	44.0712
                }
                {VolumeView "wheelr2.ply"}
            }
            {Bone revolute "wheelr3"
                {Parameters "ID=trackright;"}
                {Matrix34
                    0	0	-1
                    1.08478e-05	1	0
                    1	-1.08484e-05	0
                    -5.86709	-0.600444	20.7031
                }
                {VolumeView "wheelr3.ply"}
            }
            {Bone revolute "wheelr5"
                {Parameters "ID=trackright;"}
                {Matrix34
                    0	0	-1
                    1.08478e-05	1	0
                    1	-1.08484e-05	0
                    -5.8683	-0.556337	-13.7318
                }
                {VolumeView "wheelr5.ply"}
            }
            {Bone "trackr"
                {Parameters "ID=trackright;"}
                {Matrix34
                    0.0838783	0	0.996476
                    0.995893	0	-0.090543
                    0	1	0
                    -6.15392	2.38889	7.00756
                }
                {VolumeView "trackr.ply"}
            }
        }
        {Bone "wheelsl"
            {Parameters "ID=trackleft;"}
            {Matrix34
                0	1	0
                0	0	1
                1	0	0
                -7.00636	21.3086	10.3127
            }
            {Bone revolute "wheell2"
                {Parameters "ID=trackleft;"}
                {Matrix34
                    0	0	-1
                    1.08478e-05	1	0
                    1	-1.08484e-05	0
                    5.83174	-0.742998	42.0092
                }
                {VolumeView "wheell2.ply"}
            }
            {Bone revolute "wheell3"
                {Parameters "ID=trackleft;"}
                {Matrix34
                    0	0	-1
                    1.08478e-05	1	0
                    1	-1.08484e-05	0
                    5.83092	-0.713058	18.6412
                }
                {VolumeView "wheell3.ply"}
            }
            {Bone revolute "wheell4"
                {Parameters "ID=trackleft;"}
                {Matrix34
                    0	0	-1
                    1.08478e-05	1	0
                    1	-1.08484e-05	0
                    5.83029	-0.690947	1.37026
                }
                {VolumeView "wheell4.ply"}
            }
            {Bone revolute "wheell5"
                {Parameters "ID=trackleft;"}
                {Matrix34
                    0	0	-1
                    1.08478e-05	1	0
                    1	-1.08484e-05	0
                    5.82967	-0.668957	-15.7937
                }
                {VolumeView "wheell5.ply"}
            }
            {Bone revolute "wheell6"
                {Parameters "ID=trackleft;"}
                {Matrix34
                    0	0	-1
                    1.08478e-05	1	0
                    1	-1.08484e-05	0
                    5.82906	-0.646972	-32.9548
                }
                {VolumeView "wheell6.ply"}
            }
            {Bone "trackl"
                {Parameters "ID=trackleft;"}
                {Matrix34
                    0.0838783	0	0.996476
                    0.995893	0	-0.090543
                    0	1	0
                    5.59423	2.38886	7.00765
                }
                {VolumeView "trackl.ply"}
            }
        }
        {Bone "body"
            {Parameters "ID=body;"}
            {Matrix34
                0.0314182	0.999506	0
                -0.00174985	5.72703e-05	0.999998
                0.999505	-0.0314182	0.00175078
                -6.69425	4.12978	19.3321
            }
            {VolumeView "body.ply"}
            {Bone "visor1"
                {Matrix34
                    0.0314182	-0.00174996	0.999505
                    0	0.999998	0.0017509
                    -0.999506	-5.73596e-05	0.0314181
                    8.29186	10.7857	42.9927
                }
            }
            {Bone "headlightl"
                {Matrix34
                    0.0314182	-0.00174996	0.999505
                    0	0.999998	0.0017509
                    -0.999506	-5.73596e-05	0.0314181
                    -7.58522	8.22402	51.777
                }
            }
            {Bone "fxsmoke1"
                {Matrix34
                    0.995704	-0.0870946	-0.0314441
                    -0.0314103	0.00175888	-0.999505
                    0.0871068	0.996198	-0.000984346
                    28.5487	5.90005	-27.476
                }
            }
            {Bone "fxsmoke2"
                {Matrix34
                    0.995704	-0.0870946	-0.0314441
                    -0.0314103	0.00175888	-0.999505
                    0.0871068	0.996198	-0.000984346
                    28.6427	5.8948	-24.4851
                }
            }
            {Bone "fxsmoke3"
                {Matrix34
                    0.995704	-0.0870946	-0.0314441
                    -0.0314103	0.00175888	-0.999505
                    0.0871068	0.996198	-0.000984346
                    28.5974	5.89733	-25.9254
                }
            }
            {Bone "door_front"
                {Position 14.1764	9.50789	30.8735}
                {VolumeView "door_front.ply"}
            }
            {Bone "detail2"
                {Position 6.19945	13.4728	-61.0491}
                {VolumeView "detail2.ply"}
            }
            {Bone "detail3"
                {Position -18.6111	13.5233	-60.268}
                {VolumeView "detail3.ply"}
            }
            {Bone "detail4"
                {Position -5.88249	4.06344	-60.3801}
                {VolumeView "detail4.ply"}
            }
            {Bone revolute "turret"
                {Parameters "ID=turret;"}
                {Animation
                    {Sequence "repair" {File "turret_r.anm"}}
                }
                {Speed 0.01}
                {Matrix34
                    -0.0314112	0.00175384	-0.999505
                    -0.999507	-4.73856e-05	0.0314112
                    0	0.999998	0.00175447
                    -3.86813	10.2915	3.09595
                }
                {VolumeView "turret.ply"}
                {Bone "cover_gunner"
                    {Matrix34
                        -0.0314102	-0.982983	0.180991
                        0.00175513	0.181025	0.983477
                        -0.999505	0.0312087	-0.00396077
                        -0.636459	7.36023	14.3129
                    }
                    {VolumeView "cover_gunner.ply"}
                }
                {Bone "cover_com"
                    {Matrix34
                        -0.0314109	-0.999507	0
                        0.0017537	-4.83839e-05	0.999998
                        -0.999505	0.0314109	0.00175436
                        5.40137	-10.607	18.4565
                    }
                    {VolumeView "cover_com.ply"}
                }
                {Bone "optica_sh"
                    {Matrix34
                        -0.0314109	-0.999507	0
                        0.0017537	-4.83839e-05	0.999998
                        -0.999505	0.0314109	0.00175436
                        -14.5232	0.427852	17.2748
                    }
                    {VolumeView "optica_sh.ply"}
                }
                {Bone "visor2"
                    {Matrix34
                        -1	0	0
                        0	0	1
                        0	1	0
                        -9.65581	-12.3189	14.8064
                    }
                }
                {Bone revolute "mgun"
                    {Parameters "ID=mgun;"}
                    {Limits -5 35}
                    {Speed 0.01}
                    {Matrix34
                        -1	0	0
                        1.00055e-05	0	1
                        0	1	0
                        -26.1644	8.20964	6.91903
                    }
                    {VolumeView "mgun.ply"}
                    {Bone "foresight5"
                        {Matrix34
                            0.999999	0	0.00170471
                            0	0.999998	-0.00180438
                            -0.00170468	0.00180432	0.999997
                            3.24956	0.00492477	0.0286102
                        }
                    }
                }
                {Bone "headlightr"
                    {Matrix34
                        -1	0	0
                        0	0	1
                        0	1	0
                        -25.4118	15.7534	8.4568
                    }
                }
                {Bone "visor3"
                    {Matrix34
                        -1	0	0
                        0	0	1
                        0	1	0
                        -29.2231	-6.89987	4.52633
                    }
                }
                {Bone "fxfire3"
                    {Matrix34
                        0	-1	0
                        1	0	0
                        0	0	1
                        6.67573	10.3761	10.8057
                    }
                }
                {Bone "fxfire2"
                    {Matrix34
                        0	-1	0
                        1	0	0
                        0	0	1
                        9.27281	-10.5149	10.8058
                    }
                }
                {Bone "gun_rot"
                    {Parameters "ID=gun;"}
                    {Matrix34
                        -0.0314114	-0.999507	0
                        0.00175368	-4.89729e-05	0.999998
                        -0.999505	0.0314114	0.00175436
                        -27.2916	2.8628	6.75998
                    }
                    {VolumeView "gun_rot.ply"}
                }
                {Bone revolute "gun_rot_helper"
                    {Limits -5 15}
                    {Speed 0.01}
                    {Matrix34
                        -1	0	0
                        0	0	1
                        0	1	0
                        -25.8082	0.962014	6.44689
                    }
                    {Bone "gun"
                        {Parameters "ID=gun;"}
                        {Matrix34
                            0.0314182	0	-0.999506
                            -0.00175003	0.999998	-5.79347e-05
                            0.999505	0.00175099	0.0314182
                            47.3653	-0.224709	0.535191
                        }
                        {VolumeView "gun.ply"}
                        {Bone "foresight1"
                            {Matrix34
                                0.0314186	-0.00174996	0.999505
                                0	0.999998	0.00175091
                                -0.999506	-5.7691e-05	0.0314186
                                1.73054	-0.230019	39.4049
                            }
                        }
                    }
                    {Bone "dalnomer"
                        {Parameters "ID=gun;"}
                        {Matrix34
                            0.999922	0.000183309	0.0122169
                            0.000200289	-0.999998	-0.00138913
                            0.0122165	0.00139166	-0.999921
                            -2.76009	-0.349994	1.62
                        }
                        {VolumeView "dalnomer.ply"}
                        {Bone "volna_lyk"
                            {Parameters "ID=gun;"}
                            {Matrix34
                                -0.34202	0	0.939693
                                0	1	0
                                -0.939693	0	-0.34202
                                14.0402	-6.71983	4.31219
                            }
                            {VolumeView "volna_lyk.ply"}
                        }
                    }
                }
                {Bone "62m_d_dalnomer"
                    {Parameters "ID=turret;"}
                    {Matrix34
                        -0.999973	-0.00733035	0
                        0.00733035	-0.999973	0
                        0	0	1
                        -17.2428	3.35377	14.2505
                    }
                    {VolumeView "62m_d_dalnomer.ply"}
                }
                {Bone "brov_l"
                    {Parameters "ID=shieldl1;"}
                    {Matrix34
                        -0.978831	-0.204662	0.00105899
                        0.204663	-0.978833	0.000663438
                        0.00090072	0.000865748	0.999992
                        -13.709	-21.0229	6.9824
                    }
                    {VolumeView "brov1l.ply"}
                }
                {Bone "brov_r"
                    {Parameters "ID=shieldl2;"}
                    {Matrix34
                        -0.977784	0.207648	-0.028621
                        -0.209434	-0.973424	0.0926258
                        -0.00862681	0.0965623	0.995287
                        -15.4144	19.365	6.80837
                    }
                    {VolumeView "shieldr1.ply"}
                    {Bone "headlightr_0"
                        {Position 13.1762	2.44007	1.58421}
                    }
                }
            }
            {Bone "shieldl3"
                {Position -32.0199	3.95517	-27.4574}
                {VolumeView "shieldl3.ply"}
            }
            {Bone "shieldl4"
                {Position 23.7161	2.3416	56.5524}
                {VolumeView "shieldl4.ply"}
            }
            {Bone "shieldl5"
                {Position 23.3815	7.87499	29.1562}
                {VolumeView "shieldl5.ply"}
            }
            {Bone "shieldl6"
                {Position 22.7758	7.39911	-3.4621}
                {VolumeView "shieldl6.ply"}
            }
            {Bone "shieldl7"
                {Position 21.4746	4.23481	-44.9969}
                {VolumeView "shieldl7.ply"}
            }
            {Bone "shieldl1"
                {Position -28.2924	2.43586	58.251}
                {VolumeView "shieldl1.ply"}
            }
            {Bone "shieldl2"
                {Position -30.3258	8.4511	22.7759}
                {VolumeView "shieldl2.ply"}
            }
            {Bone revolute "wheell1"
                {Parameters "ID=trackleft;"}
                {Matrix34
                    -0.0314182	0.00174463	-0.999505
                    0	0.999998	0.00174548
                    0.999506	5.26827e-05	-0.0314181
                    22.682	-3.03515	57.8961
                }
                {VolumeView "wheell1.ply"}
            }
            {Bone revolute "wheelr1"
                {Parameters "ID=trackright;"}
                {Matrix34
                    -0.0314182	0.00174463	-0.999505
                    0	0.999998	0.00174548
                    0.999506	5.26827e-05	-0.0314181
                    -27.2358	-2.92305	59.6044
                }
                {VolumeView "wheelr1.ply"}
            }
            {Bone revolute "wheell7"
                {Parameters "ID=trackleft;"}
                {Matrix34
                    -0.0314182	0.00174462	-0.999505
                    0	0.999998	0.00174542
                    0.999506	5.26869e-05	-0.0314181
                    21.2213	-4.56297	-48.3534
                }
                {VolumeView "wheell7.ply"}
            }
            {Bone revolute "wheelr7"
                {Parameters "ID=trackright;"}
                {Matrix34
                    -0.0314182	0.00174462	-0.999505
                    0	0.999998	0.00174542
                    0.999506	5.26869e-05	-0.0314181
                    -32.4666	-4.45091	-46.6455
                }
                {VolumeView "wheelr7.ply"}
            }
            {Bone "fxlight"
                {Matrix34
                    0.0314182	-0.00174996	0.999505
                    0	0.999998	0.0017509
                    -0.999506	-5.73596e-05	0.0314181
                    -7.58522	8.22402	51.777
                }
            }
            {Bone "t62m_details"
                {Parameters "ID=body;"}
                {Matrix34
                    0.0528587	0	0.998599
                    0	1	0
                    -0.998599	0	0.0528587
                    -2.8896	0.15784	55.2164
                }
                {VolumeView "t62m_details.ply"}
            }
        }
    }
}
{Volume "ammo_storage_main1"
    {Box 21.0315 3.22403 10.0614}
    {Bone "body"}
    {Matrix34
        0.0314182	-0.00175002	0.999505
        0.999507	5.69572e-05	-0.0314181
        0	0.999998	0.00175095
        -22.158	-1.6361	2.39228
    }
}
{Volume "ammo_storage_main3"
    {Box 18.2003 2.14813 5.99847}
    {Bone "turret"}
    {Matrix34
        -1	0	0
        0	-0.906312	-0.422609
        0	-0.42261	0.906312
        1.95087	19.1114	6.3737
    }
}
{Volume "ammo_storage_main4"
    {Box 18.2003 2.36294 7.91798}
    {Bone "turret"}
    {Matrix34
        0	1	0
        -0.906303	0	-0.422629
        -0.422629	0	0.906303
        19.4499	-0.222617	7.52932
    }
}
{Volume "ammo_storage_main"
    {Box 17.8054 15.4143 13.1123}
    {Bone "body"}
    {Matrix34
        0.0314339	-0.00174996	0.999504
        0	0.999998	0.00175089
        -0.999506	-5.76256e-05	0.0314338
        -14.8219	-0.669823	31.0824
    }
}
{Volume "ammo_storage_mgun"
    {Box 2.00339 4.17607 3.8688}
    {Bone "body"}
    {Matrix34
        0.0314182	-0.00175002	0.999505
        0.999507	7.22458e-05	-0.0314181
        -1.70488e-05	0.999998	0.00175143
        -6.75884	2.37414	26.0907
    }
}
{Volume "body1"
    {Polyhedron "body1.vol"}
    {Bone "body"}
    {Matrix34
        0.999507	6.1005e-05	-0.0314112
        -0.0314113	0.00175888	-0.999505
        0	0.999998	0.00175993
        -3.50567	5.17529	4.65106
    }
}
{Volume "charger_place"
    {Box 8.74023 13.8761 20.9653}
    {Bone "turret"}
    {Matrix34
        0	-1	0
        1	0	0
        0	0	1
        1.28185	11.1333	0.128774
    }
}
{Volume "commander_place"
    {Box 11.9259 10.3163 22.8803}
    {Bone "turret"}
    {Matrix34
        0	-1	0
        1	0	0
        0	0	1
        7.38593	-10.7288	1.10641
    }
}
{Volume "commander_triplex"
    {Box 5.22748 4.5092 5.278}
    {Bone "turret"}
    {Matrix34
        0	-1	1.28781e-05
        1	0	0
        0	1.28712e-05	1
        -8.09277	-12.1036	14.131
    }
}
{Volume "driver_panel"
    {Box 1.27694 6.54433 9.6348}
    {Bone "body"}
    {Matrix34
        0.0284686	-0.424204	0.905119
        0.0132727	0.905567	0.423996
        -0.999507	-5.74586e-05	0.0314105
        8.30486	4.66924	40.8133
    }
}
{Volume "driver_place"
    {Box 9.49726 10.2469 16.8442}
    {Bone "body"}
    {Matrix34
        0.0314182	-0.00175002	0.999505
        0.999507	5.69572e-05	-0.0314181
        0	0.999998	0.00175095
        8.14262	0.0560207	35.8276
    }
}
{Volume "driver_triplex"
    {Box 2.2546 1.93537 9.18321}
    {Bone "body"}
    {Matrix34
        0.0314259	-0.00174758	0.999504
        0	0.999998	0.00174835
        -0.999506	-5.18151e-05	0.0314259
        7.17277	10.6644	41.9056
    }
}
{Volume "engine_vol_"
    {Polyhedron "engine_vol_.vol"}
    {Bone "body"}
    {Matrix34
        0.0314182	-0.00174996	0.999505
        0	0.999998	0.0017509
        -0.999506	-5.73596e-05	0.0314181
        -5.27957	-0.169847	-36.5136
    }
}
{Volume "front_wheels"
    {Box 4.54289 4.48646 40.5291}
    {Bone "body"}
    {Matrix34
        0.0314182	-0.00174996	0.999505
        0	0.999998	0.0017509
        -0.999507	-5.74341e-05	0.0314181
        -2.27862	-3.0208	58.6699
    }
}
{Volume "fuel_tank_external_c1"
    {Box 39.1346 11.8117 4.84763}
    {Bone "shieldl3"}
    {Matrix34
        0.0314181	-0.00174992	0.999505
        0.999506	6.73855e-05	-0.0314181
        -1.23654e-05	0.999998	0.00175117
        0.485177	4.15778	1.46543
    }
}
{Volume "fuel_tank_external_c"
    {Box 20.032 11.8117 4.5305}
    {Bone "shieldl2"}
    {Matrix34
        0.0314182	-0.00175002	0.999505
        0.999506	6.46469e-05	-0.0314181
        0	0.999998	0.00175119
        0.767179	0.346497	14.0971
    }
}
{Volume "fuel_tank_internal_a"
    {Polyhedron "fuel_tank_internal_a.vol"}
    {Bone "body"}
    {Matrix34
        0.0314182	-0.00174996	0.999505
        0	0.999998	0.0017509
        -0.999506	-5.73596e-05	0.0314181
        -21.1989	-0.418011	45.4808
    }
}
{Volume "fuel_tank_internal_b"
    {Box 5.53358 38.5106 15.1286}
    {Bone "body"}
    {Matrix34
        0.0314182	-0.00175002	0.999505
        0.999507	5.69572e-05	-0.0314181
        0	0.999998	0.00175095
        -4.92112	0.0805845	-23.627
    }
}
{Volume "gun"
    {Cylinder 2.12575 83.8555}
    {Bone "gun"}
    {Matrix34
        0.999506	5.78699e-05	-0.0314183
        0	0.999998	0.00175083
        0.0314184	-0.00174987	0.999505
        0.377108	-0.167721	-4.21936
    }
}
{Volume "gunner_place"
    {Box 11.9259 14.4428 19.2272}
    {Bone "turret"}
    {Matrix34
        0	-1	0
        1	0	0
        0	0	1
        -7.19001	-10.7289	-0.72011
    }
}
{Volume "mgun"
    {Box 0.743021 0.808813 3.75628}
    {Bone "mgun"}
    {Matrix34
        0	-0.001766	-0.999998
        0.00174728	0.999997	-0.00176604
        0.999999	-0.00174746	0
        1.18882	-0.0162176	0.0134098
    }
}
{Volume "panel_engine_connectors"
    {Box 2.96275 1.55192 76.5025}
    {Bone "body"}
    {Matrix34
        0.999507	5.71922e-05	-0.0314026
        0	0.999998	0.00175095
        0.0314027	-0.00175001	0.999505
        7.88882	-9.00896	4.95545
    }
}
{Volume "ppu"
    {Box 17.4379 4.34537 10.26}
    {Bone "body"}
    {Matrix34
        0.0314182	-0.00175002	0.999505
        0.999507	7.22607e-05	-0.0314181
        -1.71084e-05	0.999998	0.00175143
        -6.81125	-3.18603	34.51
    }
}
{Volume "ring_armor"
    {Cylinder 21.2205 3.21302}
    {Bone "body"}
    {Matrix34
        0.999506	5.62438e-05	-0.0314189
        -0.0314189	0.00174997	-0.999505
        0	0.999999	0.00175087
        -4.02544	10.9481	2.56762
    }
}
{Volume "shieldl1"
    {Polyhedron "shieldl1.vol"}
    {Bone "shieldl1"}
    {Matrix34
        0.0314181	-0.00174993	0.999505
        0.999506	5.40933e-05	-0.0314181
        0	0.999998	0.00175077
        -1.05978	3.30641	3.90346
    }
}
{Volume "shieldl2"
    {Box 49.237 13.0925 0.9776}
    {Bone "shieldl2"}
    {Matrix34
        0.0314181	-0.00174992	0.999505
        0.999507	5.41488e-05	-0.0314182
        0	0.999998	0.00175078
        -0.217678	-2.59581	0.888775
    }
}
{Volume "shieldl3"
    {Box 60.0451 13.0925 0.9776}
    {Bone "shieldl3"}
    {Matrix34
        0.0314181	-0.00175002	0.999505
        0.999507	5.70738e-05	-0.0314181
        0	0.999998	0.00175095
        -0.136388	1.98999	-0.184371
    }
}
{Volume "shieldl4"
    {Polyhedron "shieldl4.vol"}
    {Bone "shieldl4"}
    {Matrix34
        0.0314181	-0.00174993	0.999505
        0.999506	5.40933e-05	-0.0314181
        0	0.999998	0.00175077
        0.726336	3.40375	3.91112
    }
}
{Volume "shieldl5"
    {Box 33.7132 13.0925 0.9776}
    {Bone "shieldl5"}
    {Matrix34
        0.0314181	-0.00174992	0.999505
        0.999507	5.41488e-05	-0.0314182
        0	0.999998	0.00175078
        0.0862871	-2.02969	0.301217
    }
}
{Volume "shieldl6"
    {Box 33.7132 13.0925 0.9776}
    {Bone "shieldl6"}
    {Matrix34
        0.0314181	-0.00174992	0.999505
        0.999507	5.41488e-05	-0.0314182
        0	0.999998	0.00175078
        -0.37189	-1.49455	-0.926348
    }
}
{Volume "shieldl7"
    {Box 28.3191 13.0925 0.9776}
    {Bone "shieldl7"}
    {Matrix34
        0.0314181	-0.00174992	0.999505
        0.999507	5.41488e-05	-0.0314182
        0	0.999998	0.00175078
        -0.354396	1.74125	-0.228575
    }
}
{Volume "stabilizer"
    {Box 22.0265 7.78575 9.17579}
    {Bone "turret"}
    {Matrix34
        1	0	0
        0	1.44964e-05	1
        0	-1	1.45033e-05
        -12.8305	1.16402	6.64554
    }
}
{Volume "trackleft"
    {Polyhedron "trackleft.vol"}
    {Bone "wheelsl"}
    {Position 5.78988	1.2139	0.000192642}
}
{Volume "trackright"
    {Polyhedron "trackright.vol"}
    {Bone "wheelsr"}
    {Position -6.0488	1.21397	0.000261784}
}
{Volume "transmission"
    {Polyhedron "transmission.vol"}
    {Bone "body"}
    {Matrix34
        -0.031434	0.00174997	-0.999504
        0	0.999998	0.0017509
        0.999506	5.73427e-05	-0.031434
        -5.65661	-1.98852	-48.4877
    }
}
{Volume "turret_move_engine"
    {Box 4.54911 4.38949 3.4385}
    {Bone "turret"}
    {Matrix34
        0	-1	0
        1	0	0
        0	0	1
        -15.7916	-10.3942	2.61092
    }
}
{Volume "turret_ring1"
    {Cylinder 20.1905 2.65075}
    {Bone "turret"}
    {Matrix34
        0	-1	0
        1	0	0
        0	0	1
        0.534168	0.140602	1.0824
    }
}
{Volume "turret_ring"
    {Cylinder 20.1905 2.65075}
    {Bone "body"}
    {Matrix34
        0.999506	5.73153e-05	-0.0314183
        -0.0314184	0.00174993	-0.999505
        0	0.999998	0.00175088
        -4.02543	8.49832	2.56335
    }
}
{Volume "turret"
    {Polyhedron "turret.vol"}
    {Bone "turret"}
    {Matrix34
        -1	-1.46945e-05	0
        1.46946e-05	-1	1.87992e-05
        0	1.87958e-05	1
        -1.60773	-0.512497	8.13627
    }
}
{Volume "brov1_l"
    {Polyhedron "brov1_l.vol"}
    {Bone "brov_l"}
    {Position 0.6	-0.210001	-0.72}
}
{Volume "shieldl10"
    {Polyhedron "brov1_l.vol"}
    {Bone "brov_r"}
    {Matrix34
        0.95424	0.297992	-0.0250231
        -0.299041	0.950894	-0.0798488
        0	0.0836778	0.996493
        -7.1	41	-4.7
    }
}
